sub: [1 1 1 1 1 1 1 1 1 1]
rel: [18 18 18 18 18 18 18 18 18 18]
pos_obj: [73 73 73 73 73 73 73 73 73 73]
neg_obj: [ 29 145 183  75 171 133 136 107  36   0]
sub_embed: [[-0.20771383 -0.55273712  0.29392368 -1.9723171   1.07696009 -1.0178957
  -0.60081309 -0.44690174 -0.20628183 -0.40499556  0.16790181 -0.35662833
   2.06970167 -0.22936217  0.28277808 -1.97420859 -0.05023517 -0.82852179
   1.97848594  0.18914756  0.83056211  1.28328288  2.03728509 -1.95395875
   0.40502402  0.4484269   1.10580635 -0.4482044  -0.34452459  0.0620767
   0.67062616  0.75056285 -1.82556617 -0.50134301  0.09480913 -0.39344305
   1.32298923  0.57107502 -0.50138289 -0.42619336  0.78479707  1.42804289
   0.04463502 -0.85349631  0.76440078 -1.94750261 -0.76721328  1.07636714
  -0.7649163   0.84461951  1.37665141  1.84575534  0.59119898  1.40105212
   1.04931319 -1.25738513  1.19071615 -0.26092827 -0.54587781 -1.59636724
  -1.05320477  0.14475882  1.69679081  1.51685357  0.39551026 -0.49335802
   1.80910552 -0.19885568 -1.02515948  1.63948846 -0.73253256  0.48357362
  -0.72057676 -0.04793935  0.67132336 -0.99059135  0.11388925  1.20822835
   2.4890058   1.00700521  1.52545238 -0.29434735 -0.37058651  1.87277567
   1.54050541  0.64473069 -1.21100545 -0.22917876  0.19592607 -0.38177291
   0.63196945 -0.1645873   0.03187402 -0.20170426 -0.20741352  0.2950255
  -0.02984069 -2.08457065  1.00209332 -1.78008556]
 [-0.20771383 -0.55273712  0.29392368 -1.9723171   1.07696009 -1.0178957
  -0.60081309 -0.44690174 -0.20628183 -0.40499556  0.16790181 -0.35662833
   2.06970167 -0.22936217  0.28277808 -1.97420859 -0.05023517 -0.82852179
   1.97848594  0.18914756  0.83056211  1.28328288  2.03728509 -1.95395875
   0.40502402  0.4484269   1.10580635 -0.4482044  -0.34452459  0.0620767
   0.67062616  0.75056285 -1.82556617 -0.50134301  0.09480913 -0.39344305
   1.32298923  0.57107502 -0.50138289 -0.42619336  0.78479707  1.42804289
   0.04463502 -0.85349631  0.76440078 -1.94750261 -0.76721328  1.07636714
  -0.7649163   0.84461951  1.37665141  1.84575534  0.59119898  1.40105212
   1.04931319 -1.25738513  1.19071615 -0.26092827 -0.54587781 -1.59636724
  -1.05320477  0.14475882  1.69679081  1.51685357  0.39551026 -0.49335802
   1.80910552 -0.19885568 -1.02515948  1.63948846 -0.73253256  0.48357362
  -0.72057676 -0.04793935  0.67132336 -0.99059135  0.11388925  1.20822835
   2.4890058   1.00700521  1.52545238 -0.29434735 -0.37058651  1.87277567
   1.54050541  0.64473069 -1.21100545 -0.22917876  0.19592607 -0.38177291
   0.63196945 -0.1645873   0.03187402 -0.20170426 -0.20741352  0.2950255
  -0.02984069 -2.08457065  1.00209332 -1.78008556]
 [-0.20771383 -0.55273712  0.29392368 -1.9723171   1.07696009 -1.0178957
  -0.60081309 -0.44690174 -0.20628183 -0.40499556  0.16790181 -0.35662833
   2.06970167 -0.22936217  0.28277808 -1.97420859 -0.05023517 -0.82852179
   1.97848594  0.18914756  0.83056211  1.28328288  2.03728509 -1.95395875
   0.40502402  0.4484269   1.10580635 -0.4482044  -0.34452459  0.0620767
   0.67062616  0.75056285 -1.82556617 -0.50134301  0.09480913 -0.39344305
   1.32298923  0.57107502 -0.50138289 -0.42619336  0.78479707  1.42804289
   0.04463502 -0.85349631  0.76440078 -1.94750261 -0.76721328  1.07636714
  -0.7649163   0.84461951  1.37665141  1.84575534  0.59119898  1.40105212
   1.04931319 -1.25738513  1.19071615 -0.26092827 -0.54587781 -1.59636724
  -1.05320477  0.14475882  1.69679081  1.51685357  0.39551026 -0.49335802
   1.80910552 -0.19885568 -1.02515948  1.63948846 -0.73253256  0.48357362
  -0.72057676 -0.04793935  0.67132336 -0.99059135  0.11388925  1.20822835
   2.4890058   1.00700521  1.52545238 -0.29434735 -0.37058651  1.87277567
   1.54050541  0.64473069 -1.21100545 -0.22917876  0.19592607 -0.38177291
   0.63196945 -0.1645873   0.03187402 -0.20170426 -0.20741352  0.2950255
  -0.02984069 -2.08457065  1.00209332 -1.78008556]
 [-0.20771383 -0.55273712  0.29392368 -1.9723171   1.07696009 -1.0178957
  -0.60081309 -0.44690174 -0.20628183 -0.40499556  0.16790181 -0.35662833
   2.06970167 -0.22936217  0.28277808 -1.97420859 -0.05023517 -0.82852179
   1.97848594  0.18914756  0.83056211  1.28328288  2.03728509 -1.95395875
   0.40502402  0.4484269   1.10580635 -0.4482044  -0.34452459  0.0620767
   0.67062616  0.75056285 -1.82556617 -0.50134301  0.09480913 -0.39344305
   1.32298923  0.57107502 -0.50138289 -0.42619336  0.78479707  1.42804289
   0.04463502 -0.85349631  0.76440078 -1.94750261 -0.76721328  1.07636714
  -0.7649163   0.84461951  1.37665141  1.84575534  0.59119898  1.40105212
   1.04931319 -1.25738513  1.19071615 -0.26092827 -0.54587781 -1.59636724
  -1.05320477  0.14475882  1.69679081  1.51685357  0.39551026 -0.49335802
   1.80910552 -0.19885568 -1.02515948  1.63948846 -0.73253256  0.48357362
  -0.72057676 -0.04793935  0.67132336 -0.99059135  0.11388925  1.20822835
   2.4890058   1.00700521  1.52545238 -0.29434735 -0.37058651  1.87277567
   1.54050541  0.64473069 -1.21100545 -0.22917876  0.19592607 -0.38177291
   0.63196945 -0.1645873   0.03187402 -0.20170426 -0.20741352  0.2950255
  -0.02984069 -2.08457065  1.00209332 -1.78008556]
 [-0.20771383 -0.55273712  0.29392368 -1.9723171   1.07696009 -1.0178957
  -0.60081309 -0.44690174 -0.20628183 -0.40499556  0.16790181 -0.35662833
   2.06970167 -0.22936217  0.28277808 -1.97420859 -0.05023517 -0.82852179
   1.97848594  0.18914756  0.83056211  1.28328288  2.03728509 -1.95395875
   0.40502402  0.4484269   1.10580635 -0.4482044  -0.34452459  0.0620767
   0.67062616  0.75056285 -1.82556617 -0.50134301  0.09480913 -0.39344305
   1.32298923  0.57107502 -0.50138289 -0.42619336  0.78479707  1.42804289
   0.04463502 -0.85349631  0.76440078 -1.94750261 -0.76721328  1.07636714
  -0.7649163   0.84461951  1.37665141  1.84575534  0.59119898  1.40105212
   1.04931319 -1.25738513  1.19071615 -0.26092827 -0.54587781 -1.59636724
  -1.05320477  0.14475882  1.69679081  1.51685357  0.39551026 -0.49335802
   1.80910552 -0.19885568 -1.02515948  1.63948846 -0.73253256  0.48357362
  -0.72057676 -0.04793935  0.67132336 -0.99059135  0.11388925  1.20822835
   2.4890058   1.00700521  1.52545238 -0.29434735 -0.37058651  1.87277567
   1.54050541  0.64473069 -1.21100545 -0.22917876  0.19592607 -0.38177291
   0.63196945 -0.1645873   0.03187402 -0.20170426 -0.20741352  0.2950255
  -0.02984069 -2.08457065  1.00209332 -1.78008556]
 [-0.20771383 -0.55273712  0.29392368 -1.9723171   1.07696009 -1.0178957
  -0.60081309 -0.44690174 -0.20628183 -0.40499556  0.16790181 -0.35662833
   2.06970167 -0.22936217  0.28277808 -1.97420859 -0.05023517 -0.82852179
   1.97848594  0.18914756  0.83056211  1.28328288  2.03728509 -1.95395875
   0.40502402  0.4484269   1.10580635 -0.4482044  -0.34452459  0.0620767
   0.67062616  0.75056285 -1.82556617 -0.50134301  0.09480913 -0.39344305
   1.32298923  0.57107502 -0.50138289 -0.42619336  0.78479707  1.42804289
   0.04463502 -0.85349631  0.76440078 -1.94750261 -0.76721328  1.07636714
  -0.7649163   0.84461951  1.37665141  1.84575534  0.59119898  1.40105212
   1.04931319 -1.25738513  1.19071615 -0.26092827 -0.54587781 -1.59636724
  -1.05320477  0.14475882  1.69679081  1.51685357  0.39551026 -0.49335802
   1.80910552 -0.19885568 -1.02515948  1.63948846 -0.73253256  0.48357362
  -0.72057676 -0.04793935  0.67132336 -0.99059135  0.11388925  1.20822835
   2.4890058   1.00700521  1.52545238 -0.29434735 -0.37058651  1.87277567
   1.54050541  0.64473069 -1.21100545 -0.22917876  0.19592607 -0.38177291
   0.63196945 -0.1645873   0.03187402 -0.20170426 -0.20741352  0.2950255
  -0.02984069 -2.08457065  1.00209332 -1.78008556]
 [-0.20771383 -0.55273712  0.29392368 -1.9723171   1.07696009 -1.0178957
  -0.60081309 -0.44690174 -0.20628183 -0.40499556  0.16790181 -0.35662833
   2.06970167 -0.22936217  0.28277808 -1.97420859 -0.05023517 -0.82852179
   1.97848594  0.18914756  0.83056211  1.28328288  2.03728509 -1.95395875
   0.40502402  0.4484269   1.10580635 -0.4482044  -0.34452459  0.0620767
   0.67062616  0.75056285 -1.82556617 -0.50134301  0.09480913 -0.39344305
   1.32298923  0.57107502 -0.50138289 -0.42619336  0.78479707  1.42804289
   0.04463502 -0.85349631  0.76440078 -1.94750261 -0.76721328  1.07636714
  -0.7649163   0.84461951  1.37665141  1.84575534  0.59119898  1.40105212
   1.04931319 -1.25738513  1.19071615 -0.26092827 -0.54587781 -1.59636724
  -1.05320477  0.14475882  1.69679081  1.51685357  0.39551026 -0.49335802
   1.80910552 -0.19885568 -1.02515948  1.63948846 -0.73253256  0.48357362
  -0.72057676 -0.04793935  0.67132336 -0.99059135  0.11388925  1.20822835
   2.4890058   1.00700521  1.52545238 -0.29434735 -0.37058651  1.87277567
   1.54050541  0.64473069 -1.21100545 -0.22917876  0.19592607 -0.38177291
   0.63196945 -0.1645873   0.03187402 -0.20170426 -0.20741352  0.2950255
  -0.02984069 -2.08457065  1.00209332 -1.78008556]
 [-0.20771383 -0.55273712  0.29392368 -1.9723171   1.07696009 -1.0178957
  -0.60081309 -0.44690174 -0.20628183 -0.40499556  0.16790181 -0.35662833
   2.06970167 -0.22936217  0.28277808 -1.97420859 -0.05023517 -0.82852179
   1.97848594  0.18914756  0.83056211  1.28328288  2.03728509 -1.95395875
   0.40502402  0.4484269   1.10580635 -0.4482044  -0.34452459  0.0620767
   0.67062616  0.75056285 -1.82556617 -0.50134301  0.09480913 -0.39344305
   1.32298923  0.57107502 -0.50138289 -0.42619336  0.78479707  1.42804289
   0.04463502 -0.85349631  0.76440078 -1.94750261 -0.76721328  1.07636714
  -0.7649163   0.84461951  1.37665141  1.84575534  0.59119898  1.40105212
   1.04931319 -1.25738513  1.19071615 -0.26092827 -0.54587781 -1.59636724
  -1.05320477  0.14475882  1.69679081  1.51685357  0.39551026 -0.49335802
   1.80910552 -0.19885568 -1.02515948  1.63948846 -0.73253256  0.48357362
  -0.72057676 -0.04793935  0.67132336 -0.99059135  0.11388925  1.20822835
   2.4890058   1.00700521  1.52545238 -0.29434735 -0.37058651  1.87277567
   1.54050541  0.64473069 -1.21100545 -0.22917876  0.19592607 -0.38177291
   0.63196945 -0.1645873   0.03187402 -0.20170426 -0.20741352  0.2950255
  -0.02984069 -2.08457065  1.00209332 -1.78008556]
 [-0.20771383 -0.55273712  0.29392368 -1.9723171   1.07696009 -1.0178957
  -0.60081309 -0.44690174 -0.20628183 -0.40499556  0.16790181 -0.35662833
   2.06970167 -0.22936217  0.28277808 -1.97420859 -0.05023517 -0.82852179
   1.97848594  0.18914756  0.83056211  1.28328288  2.03728509 -1.95395875
   0.40502402  0.4484269   1.10580635 -0.4482044  -0.34452459  0.0620767
   0.67062616  0.75056285 -1.82556617 -0.50134301  0.09480913 -0.39344305
   1.32298923  0.57107502 -0.50138289 -0.42619336  0.78479707  1.42804289
   0.04463502 -0.85349631  0.76440078 -1.94750261 -0.76721328  1.07636714
  -0.7649163   0.84461951  1.37665141  1.84575534  0.59119898  1.40105212
   1.04931319 -1.25738513  1.19071615 -0.26092827 -0.54587781 -1.59636724
  -1.05320477  0.14475882  1.69679081  1.51685357  0.39551026 -0.49335802
   1.80910552 -0.19885568 -1.02515948  1.63948846 -0.73253256  0.48357362
  -0.72057676 -0.04793935  0.67132336 -0.99059135  0.11388925  1.20822835
   2.4890058   1.00700521  1.52545238 -0.29434735 -0.37058651  1.87277567
   1.54050541  0.64473069 -1.21100545 -0.22917876  0.19592607 -0.38177291
   0.63196945 -0.1645873   0.03187402 -0.20170426 -0.20741352  0.2950255
  -0.02984069 -2.08457065  1.00209332 -1.78008556]
 [-0.20771383 -0.55273712  0.29392368 -1.9723171   1.07696009 -1.0178957
  -0.60081309 -0.44690174 -0.20628183 -0.40499556  0.16790181 -0.35662833
   2.06970167 -0.22936217  0.28277808 -1.97420859 -0.05023517 -0.82852179
   1.97848594  0.18914756  0.83056211  1.28328288  2.03728509 -1.95395875
   0.40502402  0.4484269   1.10580635 -0.4482044  -0.34452459  0.0620767
   0.67062616  0.75056285 -1.82556617 -0.50134301  0.09480913 -0.39344305
   1.32298923  0.57107502 -0.50138289 -0.42619336  0.78479707  1.42804289
   0.04463502 -0.85349631  0.76440078 -1.94750261 -0.76721328  1.07636714
  -0.7649163   0.84461951  1.37665141  1.84575534  0.59119898  1.40105212
   1.04931319 -1.25738513  1.19071615 -0.26092827 -0.54587781 -1.59636724
  -1.05320477  0.14475882  1.69679081  1.51685357  0.39551026 -0.49335802
   1.80910552 -0.19885568 -1.02515948  1.63948846 -0.73253256  0.48357362
  -0.72057676 -0.04793935  0.67132336 -0.99059135  0.11388925  1.20822835
   2.4890058   1.00700521  1.52545238 -0.29434735 -0.37058651  1.87277567
   1.54050541  0.64473069 -1.21100545 -0.22917876  0.19592607 -0.38177291
   0.63196945 -0.1645873   0.03187402 -0.20170426 -0.20741352  0.2950255
  -0.02984069 -2.08457065  1.00209332 -1.78008556]]
rel_d_embed: [[-0.6448043   1.06654346  0.49040556 -1.45763576  0.93087167 -1.74460518
  -1.60794127  0.41466454 -0.38908103  1.04806554  0.22980489 -1.46565342
  -0.51825887  0.31593165  0.36070594  0.79946214  1.33596301  0.16832301
   0.19800688  0.93676615  0.46672109 -0.37408823 -0.63116777 -0.55185634
  -0.17040029 -0.6384927  -1.52039301 -0.23376644 -0.18887955  0.85717529
   1.85624063 -1.51234746 -2.19608974 -0.48507163 -0.83238691 -0.32647431
   0.61105406  1.36799717 -0.50525802 -1.07708657 -0.27545097 -0.96094245
   0.24150702 -1.39328134  1.30773926 -0.83703429 -0.80502832  0.1308184
  -0.22313255 -1.5556134  -0.21261385  0.75846565 -0.73184299 -0.3795062
  -0.70396274 -0.95086074  1.6843996  -1.15034163  0.06282917 -1.34405959
  -1.67851269 -1.30301368  0.66420174 -0.44261584  1.92771697 -0.35642442
  -1.47795403 -1.08516443 -0.88733494 -0.23842099 -0.28847277  1.6324358
   1.02490306 -2.06277943 -1.21520281 -0.52354825 -0.30905044 -0.48357651
   0.12609768 -0.78112042  0.50993633 -0.735753    0.15300076 -1.196015
   0.34584361  1.85734463 -0.51248443 -1.70033276 -0.44172388  0.1337775
  -0.86773247  1.93995333 -0.61352211 -0.83514369 -0.92200959  0.29425648
   0.42360395  1.0600636  -1.01537704  0.7624476 ]
 [-0.6448043   1.06654346  0.49040556 -1.45763576  0.93087167 -1.74460518
  -1.60794127  0.41466454 -0.38908103  1.04806554  0.22980489 -1.46565342
  -0.51825887  0.31593165  0.36070594  0.79946214  1.33596301  0.16832301
   0.19800688  0.93676615  0.46672109 -0.37408823 -0.63116777 -0.55185634
  -0.17040029 -0.6384927  -1.52039301 -0.23376644 -0.18887955  0.85717529
   1.85624063 -1.51234746 -2.19608974 -0.48507163 -0.83238691 -0.32647431
   0.61105406  1.36799717 -0.50525802 -1.07708657 -0.27545097 -0.96094245
   0.24150702 -1.39328134  1.30773926 -0.83703429 -0.80502832  0.1308184
  -0.22313255 -1.5556134  -0.21261385  0.75846565 -0.73184299 -0.3795062
  -0.70396274 -0.95086074  1.6843996  -1.15034163  0.06282917 -1.34405959
  -1.67851269 -1.30301368  0.66420174 -0.44261584  1.92771697 -0.35642442
  -1.47795403 -1.08516443 -0.88733494 -0.23842099 -0.28847277  1.6324358
   1.02490306 -2.06277943 -1.21520281 -0.52354825 -0.30905044 -0.48357651
   0.12609768 -0.78112042  0.50993633 -0.735753    0.15300076 -1.196015
   0.34584361  1.85734463 -0.51248443 -1.70033276 -0.44172388  0.1337775
  -0.86773247  1.93995333 -0.61352211 -0.83514369 -0.92200959  0.29425648
   0.42360395  1.0600636  -1.01537704  0.7624476 ]
 [-0.6448043   1.06654346  0.49040556 -1.45763576  0.93087167 -1.74460518
  -1.60794127  0.41466454 -0.38908103  1.04806554  0.22980489 -1.46565342
  -0.51825887  0.31593165  0.36070594  0.79946214  1.33596301  0.16832301
   0.19800688  0.93676615  0.46672109 -0.37408823 -0.63116777 -0.55185634
  -0.17040029 -0.6384927  -1.52039301 -0.23376644 -0.18887955  0.85717529
   1.85624063 -1.51234746 -2.19608974 -0.48507163 -0.83238691 -0.32647431
   0.61105406  1.36799717 -0.50525802 -1.07708657 -0.27545097 -0.96094245
   0.24150702 -1.39328134  1.30773926 -0.83703429 -0.80502832  0.1308184
  -0.22313255 -1.5556134  -0.21261385  0.75846565 -0.73184299 -0.3795062
  -0.70396274 -0.95086074  1.6843996  -1.15034163  0.06282917 -1.34405959
  -1.67851269 -1.30301368  0.66420174 -0.44261584  1.92771697 -0.35642442
  -1.47795403 -1.08516443 -0.88733494 -0.23842099 -0.28847277  1.6324358
   1.02490306 -2.06277943 -1.21520281 -0.52354825 -0.30905044 -0.48357651
   0.12609768 -0.78112042  0.50993633 -0.735753    0.15300076 -1.196015
   0.34584361  1.85734463 -0.51248443 -1.70033276 -0.44172388  0.1337775
  -0.86773247  1.93995333 -0.61352211 -0.83514369 -0.92200959  0.29425648
   0.42360395  1.0600636  -1.01537704  0.7624476 ]
 [-0.6448043   1.06654346  0.49040556 -1.45763576  0.93087167 -1.74460518
  -1.60794127  0.41466454 -0.38908103  1.04806554  0.22980489 -1.46565342
  -0.51825887  0.31593165  0.36070594  0.79946214  1.33596301  0.16832301
   0.19800688  0.93676615  0.46672109 -0.37408823 -0.63116777 -0.55185634
  -0.17040029 -0.6384927  -1.52039301 -0.23376644 -0.18887955  0.85717529
   1.85624063 -1.51234746 -2.19608974 -0.48507163 -0.83238691 -0.32647431
   0.61105406  1.36799717 -0.50525802 -1.07708657 -0.27545097 -0.96094245
   0.24150702 -1.39328134  1.30773926 -0.83703429 -0.80502832  0.1308184
  -0.22313255 -1.5556134  -0.21261385  0.75846565 -0.73184299 -0.3795062
  -0.70396274 -0.95086074  1.6843996  -1.15034163  0.06282917 -1.34405959
  -1.67851269 -1.30301368  0.66420174 -0.44261584  1.92771697 -0.35642442
  -1.47795403 -1.08516443 -0.88733494 -0.23842099 -0.28847277  1.6324358
   1.02490306 -2.06277943 -1.21520281 -0.52354825 -0.30905044 -0.48357651
   0.12609768 -0.78112042  0.50993633 -0.735753    0.15300076 -1.196015
   0.34584361  1.85734463 -0.51248443 -1.70033276 -0.44172388  0.1337775
  -0.86773247  1.93995333 -0.61352211 -0.83514369 -0.92200959  0.29425648
   0.42360395  1.0600636  -1.01537704  0.7624476 ]
 [-0.6448043   1.06654346  0.49040556 -1.45763576  0.93087167 -1.74460518
  -1.60794127  0.41466454 -0.38908103  1.04806554  0.22980489 -1.46565342
  -0.51825887  0.31593165  0.36070594  0.79946214  1.33596301  0.16832301
   0.19800688  0.93676615  0.46672109 -0.37408823 -0.63116777 -0.55185634
  -0.17040029 -0.6384927  -1.52039301 -0.23376644 -0.18887955  0.85717529
   1.85624063 -1.51234746 -2.19608974 -0.48507163 -0.83238691 -0.32647431
   0.61105406  1.36799717 -0.50525802 -1.07708657 -0.27545097 -0.96094245
   0.24150702 -1.39328134  1.30773926 -0.83703429 -0.80502832  0.1308184
  -0.22313255 -1.5556134  -0.21261385  0.75846565 -0.73184299 -0.3795062
  -0.70396274 -0.95086074  1.6843996  -1.15034163  0.06282917 -1.34405959
  -1.67851269 -1.30301368  0.66420174 -0.44261584  1.92771697 -0.35642442
  -1.47795403 -1.08516443 -0.88733494 -0.23842099 -0.28847277  1.6324358
   1.02490306 -2.06277943 -1.21520281 -0.52354825 -0.30905044 -0.48357651
   0.12609768 -0.78112042  0.50993633 -0.735753    0.15300076 -1.196015
   0.34584361  1.85734463 -0.51248443 -1.70033276 -0.44172388  0.1337775
  -0.86773247  1.93995333 -0.61352211 -0.83514369 -0.92200959  0.29425648
   0.42360395  1.0600636  -1.01537704  0.7624476 ]
 [-0.6448043   1.06654346  0.49040556 -1.45763576  0.93087167 -1.74460518
  -1.60794127  0.41466454 -0.38908103  1.04806554  0.22980489 -1.46565342
  -0.51825887  0.31593165  0.36070594  0.79946214  1.33596301  0.16832301
   0.19800688  0.93676615  0.46672109 -0.37408823 -0.63116777 -0.55185634
  -0.17040029 -0.6384927  -1.52039301 -0.23376644 -0.18887955  0.85717529
   1.85624063 -1.51234746 -2.19608974 -0.48507163 -0.83238691 -0.32647431
   0.61105406  1.36799717 -0.50525802 -1.07708657 -0.27545097 -0.96094245
   0.24150702 -1.39328134  1.30773926 -0.83703429 -0.80502832  0.1308184
  -0.22313255 -1.5556134  -0.21261385  0.75846565 -0.73184299 -0.3795062
  -0.70396274 -0.95086074  1.6843996  -1.15034163  0.06282917 -1.34405959
  -1.67851269 -1.30301368  0.66420174 -0.44261584  1.92771697 -0.35642442
  -1.47795403 -1.08516443 -0.88733494 -0.23842099 -0.28847277  1.6324358
   1.02490306 -2.06277943 -1.21520281 -0.52354825 -0.30905044 -0.48357651
   0.12609768 -0.78112042  0.50993633 -0.735753    0.15300076 -1.196015
   0.34584361  1.85734463 -0.51248443 -1.70033276 -0.44172388  0.1337775
  -0.86773247  1.93995333 -0.61352211 -0.83514369 -0.92200959  0.29425648
   0.42360395  1.0600636  -1.01537704  0.7624476 ]
 [-0.6448043   1.06654346  0.49040556 -1.45763576  0.93087167 -1.74460518
  -1.60794127  0.41466454 -0.38908103  1.04806554  0.22980489 -1.46565342
  -0.51825887  0.31593165  0.36070594  0.79946214  1.33596301  0.16832301
   0.19800688  0.93676615  0.46672109 -0.37408823 -0.63116777 -0.55185634
  -0.17040029 -0.6384927  -1.52039301 -0.23376644 -0.18887955  0.85717529
   1.85624063 -1.51234746 -2.19608974 -0.48507163 -0.83238691 -0.32647431
   0.61105406  1.36799717 -0.50525802 -1.07708657 -0.27545097 -0.96094245
   0.24150702 -1.39328134  1.30773926 -0.83703429 -0.80502832  0.1308184
  -0.22313255 -1.5556134  -0.21261385  0.75846565 -0.73184299 -0.3795062
  -0.70396274 -0.95086074  1.6843996  -1.15034163  0.06282917 -1.34405959
  -1.67851269 -1.30301368  0.66420174 -0.44261584  1.92771697 -0.35642442
  -1.47795403 -1.08516443 -0.88733494 -0.23842099 -0.28847277  1.6324358
   1.02490306 -2.06277943 -1.21520281 -0.52354825 -0.30905044 -0.48357651
   0.12609768 -0.78112042  0.50993633 -0.735753    0.15300076 -1.196015
   0.34584361  1.85734463 -0.51248443 -1.70033276 -0.44172388  0.1337775
  -0.86773247  1.93995333 -0.61352211 -0.83514369 -0.92200959  0.29425648
   0.42360395  1.0600636  -1.01537704  0.7624476 ]
 [-0.6448043   1.06654346  0.49040556 -1.45763576  0.93087167 -1.74460518
  -1.60794127  0.41466454 -0.38908103  1.04806554  0.22980489 -1.46565342
  -0.51825887  0.31593165  0.36070594  0.79946214  1.33596301  0.16832301
   0.19800688  0.93676615  0.46672109 -0.37408823 -0.63116777 -0.55185634
  -0.17040029 -0.6384927  -1.52039301 -0.23376644 -0.18887955  0.85717529
   1.85624063 -1.51234746 -2.19608974 -0.48507163 -0.83238691 -0.32647431
   0.61105406  1.36799717 -0.50525802 -1.07708657 -0.27545097 -0.96094245
   0.24150702 -1.39328134  1.30773926 -0.83703429 -0.80502832  0.1308184
  -0.22313255 -1.5556134  -0.21261385  0.75846565 -0.73184299 -0.3795062
  -0.70396274 -0.95086074  1.6843996  -1.15034163  0.06282917 -1.34405959
  -1.67851269 -1.30301368  0.66420174 -0.44261584  1.92771697 -0.35642442
  -1.47795403 -1.08516443 -0.88733494 -0.23842099 -0.28847277  1.6324358
   1.02490306 -2.06277943 -1.21520281 -0.52354825 -0.30905044 -0.48357651
   0.12609768 -0.78112042  0.50993633 -0.735753    0.15300076 -1.196015
   0.34584361  1.85734463 -0.51248443 -1.70033276 -0.44172388  0.1337775
  -0.86773247  1.93995333 -0.61352211 -0.83514369 -0.92200959  0.29425648
   0.42360395  1.0600636  -1.01537704  0.7624476 ]
 [-0.6448043   1.06654346  0.49040556 -1.45763576  0.93087167 -1.74460518
  -1.60794127  0.41466454 -0.38908103  1.04806554  0.22980489 -1.46565342
  -0.51825887  0.31593165  0.36070594  0.79946214  1.33596301  0.16832301
   0.19800688  0.93676615  0.46672109 -0.37408823 -0.63116777 -0.55185634
  -0.17040029 -0.6384927  -1.52039301 -0.23376644 -0.18887955  0.85717529
   1.85624063 -1.51234746 -2.19608974 -0.48507163 -0.83238691 -0.32647431
   0.61105406  1.36799717 -0.50525802 -1.07708657 -0.27545097 -0.96094245
   0.24150702 -1.39328134  1.30773926 -0.83703429 -0.80502832  0.1308184
  -0.22313255 -1.5556134  -0.21261385  0.75846565 -0.73184299 -0.3795062
  -0.70396274 -0.95086074  1.6843996  -1.15034163  0.06282917 -1.34405959
  -1.67851269 -1.30301368  0.66420174 -0.44261584  1.92771697 -0.35642442
  -1.47795403 -1.08516443 -0.88733494 -0.23842099 -0.28847277  1.6324358
   1.02490306 -2.06277943 -1.21520281 -0.52354825 -0.30905044 -0.48357651
   0.12609768 -0.78112042  0.50993633 -0.735753    0.15300076 -1.196015
   0.34584361  1.85734463 -0.51248443 -1.70033276 -0.44172388  0.1337775
  -0.86773247  1.93995333 -0.61352211 -0.83514369 -0.92200959  0.29425648
   0.42360395  1.0600636  -1.01537704  0.7624476 ]
 [-0.6448043   1.06654346  0.49040556 -1.45763576  0.93087167 -1.74460518
  -1.60794127  0.41466454 -0.38908103  1.04806554  0.22980489 -1.46565342
  -0.51825887  0.31593165  0.36070594  0.79946214  1.33596301  0.16832301
   0.19800688  0.93676615  0.46672109 -0.37408823 -0.63116777 -0.55185634
  -0.17040029 -0.6384927  -1.52039301 -0.23376644 -0.18887955  0.85717529
   1.85624063 -1.51234746 -2.19608974 -0.48507163 -0.83238691 -0.32647431
   0.61105406  1.36799717 -0.50525802 -1.07708657 -0.27545097 -0.96094245
   0.24150702 -1.39328134  1.30773926 -0.83703429 -0.80502832  0.1308184
  -0.22313255 -1.5556134  -0.21261385  0.75846565 -0.73184299 -0.3795062
  -0.70396274 -0.95086074  1.6843996  -1.15034163  0.06282917 -1.34405959
  -1.67851269 -1.30301368  0.66420174 -0.44261584  1.92771697 -0.35642442
  -1.47795403 -1.08516443 -0.88733494 -0.23842099 -0.28847277  1.6324358
   1.02490306 -2.06277943 -1.21520281 -0.52354825 -0.30905044 -0.48357651
   0.12609768 -0.78112042  0.50993633 -0.735753    0.15300076 -1.196015
   0.34584361  1.85734463 -0.51248443 -1.70033276 -0.44172388  0.1337775
  -0.86773247  1.93995333 -0.61352211 -0.83514369 -0.92200959  0.29425648
   0.42360395  1.0600636  -1.01537704  0.7624476 ]]
rel_u_embed: [[ 2.3335402   0.41901526  0.03593503 -1.2016021   0.02183304  1.22189462
   0.42923126  0.65878117 -0.9121471  -0.67764091 -1.61879921  1.42758775
   0.89303994 -0.98808032  0.30113003  0.01372033  1.48563337  0.28535107
  -0.31673604 -0.31592551  0.59672356  0.02673026 -0.28108087 -1.18834662
  -1.36918902  0.63169575  1.50918126  1.1004796   0.78052711  0.93162364
  -0.5175603   0.14105521  0.189449    0.36169386  0.72266406 -1.11402738
  -1.10918772 -2.00696492 -0.31037965 -0.1313118  -0.40357205 -0.6871779
  -1.71258938 -0.24259566 -1.49106991  1.27277124 -0.39176625  0.10351016
  -0.87237465 -0.75142127  0.11937131 -0.12846994  0.44664481 -1.25423288
  -0.76651603  0.08241387 -0.37168732 -0.67934966  0.37510204  0.09734042
   0.06208389 -2.14485979  0.4037776   0.94753617 -1.34929705  1.21503115
   0.38159341  0.86768442 -0.87815613 -0.93990636  0.70330048 -0.50549579
  -0.30357698  0.289857   -0.50365406 -0.69329417 -0.75862849  1.41070497
  -0.38249004  1.66599905  0.42397738  0.33215037  1.96141696  0.03594128
   2.76685023 -1.19077718  0.80744398  0.98858613  0.22767457  0.30276957
  -0.86839592  0.50758147  0.38279387 -1.23135817 -1.14699721 -0.2319245
  -0.35598895 -1.15978289  0.07964959]
 [ 2.3335402   0.41901526  0.03593503 -1.2016021   0.02183304  1.22189462
   0.42923126  0.65878117 -0.9121471  -0.67764091 -1.61879921  1.42758775
   0.89303994 -0.98808032  0.30113003  0.01372033  1.48563337  0.28535107
  -0.31673604 -0.31592551  0.59672356  0.02673026 -0.28108087 -1.18834662
  -1.36918902  0.63169575  1.50918126  1.1004796   0.78052711  0.93162364
  -0.5175603   0.14105521  0.189449    0.36169386  0.72266406 -1.11402738
  -1.10918772 -2.00696492 -0.31037965 -0.1313118  -0.40357205 -0.6871779
  -1.71258938 -0.24259566 -1.49106991  1.27277124 -0.39176625  0.10351016
  -0.87237465 -0.75142127  0.11937131 -0.12846994  0.44664481 -1.25423288
  -0.76651603  0.08241387 -0.37168732 -0.67934966  0.37510204  0.09734042
   0.06208389 -2.14485979  0.4037776   0.94753617 -1.34929705  1.21503115
   0.38159341  0.86768442 -0.87815613 -0.93990636  0.70330048 -0.50549579
  -0.30357698  0.289857   -0.50365406 -0.69329417 -0.75862849  1.41070497
  -0.38249004  1.66599905  0.42397738  0.33215037  1.96141696  0.03594128
   2.76685023 -1.19077718  0.80744398  0.98858613  0.22767457  0.30276957
  -0.86839592  0.50758147  0.38279387 -1.23135817 -1.14699721 -0.2319245
  -0.35598895 -1.15978289  0.07964959]
 [ 2.3335402   0.41901526  0.03593503 -1.2016021   0.02183304  1.22189462
   0.42923126  0.65878117 -0.9121471  -0.67764091 -1.61879921  1.42758775
   0.89303994 -0.98808032  0.30113003  0.01372033  1.48563337  0.28535107
  -0.31673604 -0.31592551  0.59672356  0.02673026 -0.28108087 -1.18834662
  -1.36918902  0.63169575  1.50918126  1.1004796   0.78052711  0.93162364
  -0.5175603   0.14105521  0.189449    0.36169386  0.72266406 -1.11402738
  -1.10918772 -2.00696492 -0.31037965 -0.1313118  -0.40357205 -0.6871779
  -1.71258938 -0.24259566 -1.49106991  1.27277124 -0.39176625  0.10351016
  -0.87237465 -0.75142127  0.11937131 -0.12846994  0.44664481 -1.25423288
  -0.76651603  0.08241387 -0.37168732 -0.67934966  0.37510204  0.09734042
   0.06208389 -2.14485979  0.4037776   0.94753617 -1.34929705  1.21503115
   0.38159341  0.86768442 -0.87815613 -0.93990636  0.70330048 -0.50549579
  -0.30357698  0.289857   -0.50365406 -0.69329417 -0.75862849  1.41070497
  -0.38249004  1.66599905  0.42397738  0.33215037  1.96141696  0.03594128
   2.76685023 -1.19077718  0.80744398  0.98858613  0.22767457  0.30276957
  -0.86839592  0.50758147  0.38279387 -1.23135817 -1.14699721 -0.2319245
  -0.35598895 -1.15978289  0.07964959]
 [ 2.3335402   0.41901526  0.03593503 -1.2016021   0.02183304  1.22189462
   0.42923126  0.65878117 -0.9121471  -0.67764091 -1.61879921  1.42758775
   0.89303994 -0.98808032  0.30113003  0.01372033  1.48563337  0.28535107
  -0.31673604 -0.31592551  0.59672356  0.02673026 -0.28108087 -1.18834662
  -1.36918902  0.63169575  1.50918126  1.1004796   0.78052711  0.93162364
  -0.5175603   0.14105521  0.189449    0.36169386  0.72266406 -1.11402738
  -1.10918772 -2.00696492 -0.31037965 -0.1313118  -0.40357205 -0.6871779
  -1.71258938 -0.24259566 -1.49106991  1.27277124 -0.39176625  0.10351016
  -0.87237465 -0.75142127  0.11937131 -0.12846994  0.44664481 -1.25423288
  -0.76651603  0.08241387 -0.37168732 -0.67934966  0.37510204  0.09734042
   0.06208389 -2.14485979  0.4037776   0.94753617 -1.34929705  1.21503115
   0.38159341  0.86768442 -0.87815613 -0.93990636  0.70330048 -0.50549579
  -0.30357698  0.289857   -0.50365406 -0.69329417 -0.75862849  1.41070497
  -0.38249004  1.66599905  0.42397738  0.33215037  1.96141696  0.03594128
   2.76685023 -1.19077718  0.80744398  0.98858613  0.22767457  0.30276957
  -0.86839592  0.50758147  0.38279387 -1.23135817 -1.14699721 -0.2319245
  -0.35598895 -1.15978289  0.07964959]
 [ 2.3335402   0.41901526  0.03593503 -1.2016021   0.02183304  1.22189462
   0.42923126  0.65878117 -0.9121471  -0.67764091 -1.61879921  1.42758775
   0.89303994 -0.98808032  0.30113003  0.01372033  1.48563337  0.28535107
  -0.31673604 -0.31592551  0.59672356  0.02673026 -0.28108087 -1.18834662
  -1.36918902  0.63169575  1.50918126  1.1004796   0.78052711  0.93162364
  -0.5175603   0.14105521  0.189449    0.36169386  0.72266406 -1.11402738
  -1.10918772 -2.00696492 -0.31037965 -0.1313118  -0.40357205 -0.6871779
  -1.71258938 -0.24259566 -1.49106991  1.27277124 -0.39176625  0.10351016
  -0.87237465 -0.75142127  0.11937131 -0.12846994  0.44664481 -1.25423288
  -0.76651603  0.08241387 -0.37168732 -0.67934966  0.37510204  0.09734042
   0.06208389 -2.14485979  0.4037776   0.94753617 -1.34929705  1.21503115
   0.38159341  0.86768442 -0.87815613 -0.93990636  0.70330048 -0.50549579
  -0.30357698  0.289857   -0.50365406 -0.69329417 -0.75862849  1.41070497
  -0.38249004  1.66599905  0.42397738  0.33215037  1.96141696  0.03594128
   2.76685023 -1.19077718  0.80744398  0.98858613  0.22767457  0.30276957
  -0.86839592  0.50758147  0.38279387 -1.23135817 -1.14699721 -0.2319245
  -0.35598895 -1.15978289  0.07964959]
 [ 2.3335402   0.41901526  0.03593503 -1.2016021   0.02183304  1.22189462
   0.42923126  0.65878117 -0.9121471  -0.67764091 -1.61879921  1.42758775
   0.89303994 -0.98808032  0.30113003  0.01372033  1.48563337  0.28535107
  -0.31673604 -0.31592551  0.59672356  0.02673026 -0.28108087 -1.18834662
  -1.36918902  0.63169575  1.50918126  1.1004796   0.78052711  0.93162364
  -0.5175603   0.14105521  0.189449    0.36169386  0.72266406 -1.11402738
  -1.10918772 -2.00696492 -0.31037965 -0.1313118  -0.40357205 -0.6871779
  -1.71258938 -0.24259566 -1.49106991  1.27277124 -0.39176625  0.10351016
  -0.87237465 -0.75142127  0.11937131 -0.12846994  0.44664481 -1.25423288
  -0.76651603  0.08241387 -0.37168732 -0.67934966  0.37510204  0.09734042
   0.06208389 -2.14485979  0.4037776   0.94753617 -1.34929705  1.21503115
   0.38159341  0.86768442 -0.87815613 -0.93990636  0.70330048 -0.50549579
  -0.30357698  0.289857   -0.50365406 -0.69329417 -0.75862849  1.41070497
  -0.38249004  1.66599905  0.42397738  0.33215037  1.96141696  0.03594128
   2.76685023 -1.19077718  0.80744398  0.98858613  0.22767457  0.30276957
  -0.86839592  0.50758147  0.38279387 -1.23135817 -1.14699721 -0.2319245
  -0.35598895 -1.15978289  0.07964959]
 [ 2.3335402   0.41901526  0.03593503 -1.2016021   0.02183304  1.22189462
   0.42923126  0.65878117 -0.9121471  -0.67764091 -1.61879921  1.42758775
   0.89303994 -0.98808032  0.30113003  0.01372033  1.48563337  0.28535107
  -0.31673604 -0.31592551  0.59672356  0.02673026 -0.28108087 -1.18834662
  -1.36918902  0.63169575  1.50918126  1.1004796   0.78052711  0.93162364
  -0.5175603   0.14105521  0.189449    0.36169386  0.72266406 -1.11402738
  -1.10918772 -2.00696492 -0.31037965 -0.1313118  -0.40357205 -0.6871779
  -1.71258938 -0.24259566 -1.49106991  1.27277124 -0.39176625  0.10351016
  -0.87237465 -0.75142127  0.11937131 -0.12846994  0.44664481 -1.25423288
  -0.76651603  0.08241387 -0.37168732 -0.67934966  0.37510204  0.09734042
   0.06208389 -2.14485979  0.4037776   0.94753617 -1.34929705  1.21503115
   0.38159341  0.86768442 -0.87815613 -0.93990636  0.70330048 -0.50549579
  -0.30357698  0.289857   -0.50365406 -0.69329417 -0.75862849  1.41070497
  -0.38249004  1.66599905  0.42397738  0.33215037  1.96141696  0.03594128
   2.76685023 -1.19077718  0.80744398  0.98858613  0.22767457  0.30276957
  -0.86839592  0.50758147  0.38279387 -1.23135817 -1.14699721 -0.2319245
  -0.35598895 -1.15978289  0.07964959]
 [ 2.3335402   0.41901526  0.03593503 -1.2016021   0.02183304  1.22189462
   0.42923126  0.65878117 -0.9121471  -0.67764091 -1.61879921  1.42758775
   0.89303994 -0.98808032  0.30113003  0.01372033  1.48563337  0.28535107
  -0.31673604 -0.31592551  0.59672356  0.02673026 -0.28108087 -1.18834662
  -1.36918902  0.63169575  1.50918126  1.1004796   0.78052711  0.93162364
  -0.5175603   0.14105521  0.189449    0.36169386  0.72266406 -1.11402738
  -1.10918772 -2.00696492 -0.31037965 -0.1313118  -0.40357205 -0.6871779
  -1.71258938 -0.24259566 -1.49106991  1.27277124 -0.39176625  0.10351016
  -0.87237465 -0.75142127  0.11937131 -0.12846994  0.44664481 -1.25423288
  -0.76651603  0.08241387 -0.37168732 -0.67934966  0.37510204  0.09734042
   0.06208389 -2.14485979  0.4037776   0.94753617 -1.34929705  1.21503115
   0.38159341  0.86768442 -0.87815613 -0.93990636  0.70330048 -0.50549579
  -0.30357698  0.289857   -0.50365406 -0.69329417 -0.75862849  1.41070497
  -0.38249004  1.66599905  0.42397738  0.33215037  1.96141696  0.03594128
   2.76685023 -1.19077718  0.80744398  0.98858613  0.22767457  0.30276957
  -0.86839592  0.50758147  0.38279387 -1.23135817 -1.14699721 -0.2319245
  -0.35598895 -1.15978289  0.07964959]
 [ 2.3335402   0.41901526  0.03593503 -1.2016021   0.02183304  1.22189462
   0.42923126  0.65878117 -0.9121471  -0.67764091 -1.61879921  1.42758775
   0.89303994 -0.98808032  0.30113003  0.01372033  1.48563337  0.28535107
  -0.31673604 -0.31592551  0.59672356  0.02673026 -0.28108087 -1.18834662
  -1.36918902  0.63169575  1.50918126  1.1004796   0.78052711  0.93162364
  -0.5175603   0.14105521  0.189449    0.36169386  0.72266406 -1.11402738
  -1.10918772 -2.00696492 -0.31037965 -0.1313118  -0.40357205 -0.6871779
  -1.71258938 -0.24259566 -1.49106991  1.27277124 -0.39176625  0.10351016
  -0.87237465 -0.75142127  0.11937131 -0.12846994  0.44664481 -1.25423288
  -0.76651603  0.08241387 -0.37168732 -0.67934966  0.37510204  0.09734042
   0.06208389 -2.14485979  0.4037776   0.94753617 -1.34929705  1.21503115
   0.38159341  0.86768442 -0.87815613 -0.93990636  0.70330048 -0.50549579
  -0.30357698  0.289857   -0.50365406 -0.69329417 -0.75862849  1.41070497
  -0.38249004  1.66599905  0.42397738  0.33215037  1.96141696  0.03594128
   2.76685023 -1.19077718  0.80744398  0.98858613  0.22767457  0.30276957
  -0.86839592  0.50758147  0.38279387 -1.23135817 -1.14699721 -0.2319245
  -0.35598895 -1.15978289  0.07964959]
 [ 2.3335402   0.41901526  0.03593503 -1.2016021   0.02183304  1.22189462
   0.42923126  0.65878117 -0.9121471  -0.67764091 -1.61879921  1.42758775
   0.89303994 -0.98808032  0.30113003  0.01372033  1.48563337  0.28535107
  -0.31673604 -0.31592551  0.59672356  0.02673026 -0.28108087 -1.18834662
  -1.36918902  0.63169575  1.50918126  1.1004796   0.78052711  0.93162364
  -0.5175603   0.14105521  0.189449    0.36169386  0.72266406 -1.11402738
  -1.10918772 -2.00696492 -0.31037965 -0.1313118  -0.40357205 -0.6871779
  -1.71258938 -0.24259566 -1.49106991  1.27277124 -0.39176625  0.10351016
  -0.87237465 -0.75142127  0.11937131 -0.12846994  0.44664481 -1.25423288
  -0.76651603  0.08241387 -0.37168732 -0.67934966  0.37510204  0.09734042
   0.06208389 -2.14485979  0.4037776   0.94753617 -1.34929705  1.21503115
   0.38159341  0.86768442 -0.87815613 -0.93990636  0.70330048 -0.50549579
  -0.30357698  0.289857   -0.50365406 -0.69329417 -0.75862849  1.41070497
  -0.38249004  1.66599905  0.42397738  0.33215037  1.96141696  0.03594128
   2.76685023 -1.19077718  0.80744398  0.98858613  0.22767457  0.30276957
  -0.86839592  0.50758147  0.38279387 -1.23135817 -1.14699721 -0.2319245
  -0.35598895 -1.15978289  0.07964959]]
rel_l_embed: [[ -7.87433743e-01  -6.33362174e-01   6.96386337e-01   3.90665084e-01
   -9.17394936e-01   1.19956160e+00   1.29292798e+00   3.87658119e-01
   -8.71993065e-01  -1.91126895e+00  -1.68086720e+00  -1.10937619e+00
    2.22610608e-01  -7.67228067e-01   3.10046077e-01  -2.13937235e+00
   -1.90507248e-01   5.56760967e-01   1.40638363e+00  -1.75754035e+00
    2.49964666e+00   4.03250009e-01  -7.88404524e-01   5.95244527e-01
    1.82408951e-02  -1.44810593e+00   1.10270834e+00  -4.06362325e-01
    7.55264014e-02  -1.47471740e-03  -5.81405580e-01  -1.78037143e+00
   -1.00592923e+00  -5.38008571e-01   5.07547498e-01  -1.80644244e-01
   -6.41230866e-02  -2.83916324e-01   4.52006280e-01  -4.77639616e-01
    4.90348637e-01  -4.64507610e-01   7.44069934e-01  -3.26169044e-01
    1.09494424e+00  -1.20274201e-01   1.13857508e+00  -1.64605248e+00
    6.60128444e-02   2.98299581e-01  -6.00183725e-01   1.53782535e+00
   -1.37237817e-01   2.76752734e+00   1.96774733e+00   1.08954632e+00
   -1.20181048e+00  -3.74604374e-01   7.79955685e-01   1.50340706e-01
   -6.32450640e-01   6.22323275e-01   1.01029170e+00  -1.13716781e+00
    3.57132614e-01  -5.44540763e-01  -9.51953709e-01   1.86678901e-01
   -1.51024787e-02   9.68717411e-02  -1.74743032e+00  -6.96585953e-01
    1.73153374e-02  -8.71842921e-01  -1.54895675e+00  -2.81592786e-01
   -6.26825333e-01  -6.25975788e-01   6.55395806e-01   2.76696712e-01
    6.46761239e-01  -2.33256165e-02   8.05703700e-01   1.09766507e+00
   -6.07542634e-01   3.26937139e-01  -1.37561715e+00   2.19768238e+00
    1.67122781e-02   1.81856286e-02   1.77275300e-01   7.32097268e-01
    2.15575767e+00   9.08775747e-01  -3.85680765e-01  -5.69513328e-02
   -5.73484182e-01   1.57191932e+00  -3.41128528e-01]
 [ -7.87433743e-01  -6.33362174e-01   6.96386337e-01   3.90665084e-01
   -9.17394936e-01   1.19956160e+00   1.29292798e+00   3.87658119e-01
   -8.71993065e-01  -1.91126895e+00  -1.68086720e+00  -1.10937619e+00
    2.22610608e-01  -7.67228067e-01   3.10046077e-01  -2.13937235e+00
   -1.90507248e-01   5.56760967e-01   1.40638363e+00  -1.75754035e+00
    2.49964666e+00   4.03250009e-01  -7.88404524e-01   5.95244527e-01
    1.82408951e-02  -1.44810593e+00   1.10270834e+00  -4.06362325e-01
    7.55264014e-02  -1.47471740e-03  -5.81405580e-01  -1.78037143e+00
   -1.00592923e+00  -5.38008571e-01   5.07547498e-01  -1.80644244e-01
   -6.41230866e-02  -2.83916324e-01   4.52006280e-01  -4.77639616e-01
    4.90348637e-01  -4.64507610e-01   7.44069934e-01  -3.26169044e-01
    1.09494424e+00  -1.20274201e-01   1.13857508e+00  -1.64605248e+00
    6.60128444e-02   2.98299581e-01  -6.00183725e-01   1.53782535e+00
   -1.37237817e-01   2.76752734e+00   1.96774733e+00   1.08954632e+00
   -1.20181048e+00  -3.74604374e-01   7.79955685e-01   1.50340706e-01
   -6.32450640e-01   6.22323275e-01   1.01029170e+00  -1.13716781e+00
    3.57132614e-01  -5.44540763e-01  -9.51953709e-01   1.86678901e-01
   -1.51024787e-02   9.68717411e-02  -1.74743032e+00  -6.96585953e-01
    1.73153374e-02  -8.71842921e-01  -1.54895675e+00  -2.81592786e-01
   -6.26825333e-01  -6.25975788e-01   6.55395806e-01   2.76696712e-01
    6.46761239e-01  -2.33256165e-02   8.05703700e-01   1.09766507e+00
   -6.07542634e-01   3.26937139e-01  -1.37561715e+00   2.19768238e+00
    1.67122781e-02   1.81856286e-02   1.77275300e-01   7.32097268e-01
    2.15575767e+00   9.08775747e-01  -3.85680765e-01  -5.69513328e-02
   -5.73484182e-01   1.57191932e+00  -3.41128528e-01]
 [ -7.87433743e-01  -6.33362174e-01   6.96386337e-01   3.90665084e-01
   -9.17394936e-01   1.19956160e+00   1.29292798e+00   3.87658119e-01
   -8.71993065e-01  -1.91126895e+00  -1.68086720e+00  -1.10937619e+00
    2.22610608e-01  -7.67228067e-01   3.10046077e-01  -2.13937235e+00
   -1.90507248e-01   5.56760967e-01   1.40638363e+00  -1.75754035e+00
    2.49964666e+00   4.03250009e-01  -7.88404524e-01   5.95244527e-01
    1.82408951e-02  -1.44810593e+00   1.10270834e+00  -4.06362325e-01
    7.55264014e-02  -1.47471740e-03  -5.81405580e-01  -1.78037143e+00
   -1.00592923e+00  -5.38008571e-01   5.07547498e-01  -1.80644244e-01
   -6.41230866e-02  -2.83916324e-01   4.52006280e-01  -4.77639616e-01
    4.90348637e-01  -4.64507610e-01   7.44069934e-01  -3.26169044e-01
    1.09494424e+00  -1.20274201e-01   1.13857508e+00  -1.64605248e+00
    6.60128444e-02   2.98299581e-01  -6.00183725e-01   1.53782535e+00
   -1.37237817e-01   2.76752734e+00   1.96774733e+00   1.08954632e+00
   -1.20181048e+00  -3.74604374e-01   7.79955685e-01   1.50340706e-01
   -6.32450640e-01   6.22323275e-01   1.01029170e+00  -1.13716781e+00
    3.57132614e-01  -5.44540763e-01  -9.51953709e-01   1.86678901e-01
   -1.51024787e-02   9.68717411e-02  -1.74743032e+00  -6.96585953e-01
    1.73153374e-02  -8.71842921e-01  -1.54895675e+00  -2.81592786e-01
   -6.26825333e-01  -6.25975788e-01   6.55395806e-01   2.76696712e-01
    6.46761239e-01  -2.33256165e-02   8.05703700e-01   1.09766507e+00
   -6.07542634e-01   3.26937139e-01  -1.37561715e+00   2.19768238e+00
    1.67122781e-02   1.81856286e-02   1.77275300e-01   7.32097268e-01
    2.15575767e+00   9.08775747e-01  -3.85680765e-01  -5.69513328e-02
   -5.73484182e-01   1.57191932e+00  -3.41128528e-01]
 [ -7.87433743e-01  -6.33362174e-01   6.96386337e-01   3.90665084e-01
   -9.17394936e-01   1.19956160e+00   1.29292798e+00   3.87658119e-01
   -8.71993065e-01  -1.91126895e+00  -1.68086720e+00  -1.10937619e+00
    2.22610608e-01  -7.67228067e-01   3.10046077e-01  -2.13937235e+00
   -1.90507248e-01   5.56760967e-01   1.40638363e+00  -1.75754035e+00
    2.49964666e+00   4.03250009e-01  -7.88404524e-01   5.95244527e-01
    1.82408951e-02  -1.44810593e+00   1.10270834e+00  -4.06362325e-01
    7.55264014e-02  -1.47471740e-03  -5.81405580e-01  -1.78037143e+00
   -1.00592923e+00  -5.38008571e-01   5.07547498e-01  -1.80644244e-01
   -6.41230866e-02  -2.83916324e-01   4.52006280e-01  -4.77639616e-01
    4.90348637e-01  -4.64507610e-01   7.44069934e-01  -3.26169044e-01
    1.09494424e+00  -1.20274201e-01   1.13857508e+00  -1.64605248e+00
    6.60128444e-02   2.98299581e-01  -6.00183725e-01   1.53782535e+00
   -1.37237817e-01   2.76752734e+00   1.96774733e+00   1.08954632e+00
   -1.20181048e+00  -3.74604374e-01   7.79955685e-01   1.50340706e-01
   -6.32450640e-01   6.22323275e-01   1.01029170e+00  -1.13716781e+00
    3.57132614e-01  -5.44540763e-01  -9.51953709e-01   1.86678901e-01
   -1.51024787e-02   9.68717411e-02  -1.74743032e+00  -6.96585953e-01
    1.73153374e-02  -8.71842921e-01  -1.54895675e+00  -2.81592786e-01
   -6.26825333e-01  -6.25975788e-01   6.55395806e-01   2.76696712e-01
    6.46761239e-01  -2.33256165e-02   8.05703700e-01   1.09766507e+00
   -6.07542634e-01   3.26937139e-01  -1.37561715e+00   2.19768238e+00
    1.67122781e-02   1.81856286e-02   1.77275300e-01   7.32097268e-01
    2.15575767e+00   9.08775747e-01  -3.85680765e-01  -5.69513328e-02
   -5.73484182e-01   1.57191932e+00  -3.41128528e-01]
 [ -7.87433743e-01  -6.33362174e-01   6.96386337e-01   3.90665084e-01
   -9.17394936e-01   1.19956160e+00   1.29292798e+00   3.87658119e-01
   -8.71993065e-01  -1.91126895e+00  -1.68086720e+00  -1.10937619e+00
    2.22610608e-01  -7.67228067e-01   3.10046077e-01  -2.13937235e+00
   -1.90507248e-01   5.56760967e-01   1.40638363e+00  -1.75754035e+00
    2.49964666e+00   4.03250009e-01  -7.88404524e-01   5.95244527e-01
    1.82408951e-02  -1.44810593e+00   1.10270834e+00  -4.06362325e-01
    7.55264014e-02  -1.47471740e-03  -5.81405580e-01  -1.78037143e+00
   -1.00592923e+00  -5.38008571e-01   5.07547498e-01  -1.80644244e-01
   -6.41230866e-02  -2.83916324e-01   4.52006280e-01  -4.77639616e-01
    4.90348637e-01  -4.64507610e-01   7.44069934e-01  -3.26169044e-01
    1.09494424e+00  -1.20274201e-01   1.13857508e+00  -1.64605248e+00
    6.60128444e-02   2.98299581e-01  -6.00183725e-01   1.53782535e+00
   -1.37237817e-01   2.76752734e+00   1.96774733e+00   1.08954632e+00
   -1.20181048e+00  -3.74604374e-01   7.79955685e-01   1.50340706e-01
   -6.32450640e-01   6.22323275e-01   1.01029170e+00  -1.13716781e+00
    3.57132614e-01  -5.44540763e-01  -9.51953709e-01   1.86678901e-01
   -1.51024787e-02   9.68717411e-02  -1.74743032e+00  -6.96585953e-01
    1.73153374e-02  -8.71842921e-01  -1.54895675e+00  -2.81592786e-01
   -6.26825333e-01  -6.25975788e-01   6.55395806e-01   2.76696712e-01
    6.46761239e-01  -2.33256165e-02   8.05703700e-01   1.09766507e+00
   -6.07542634e-01   3.26937139e-01  -1.37561715e+00   2.19768238e+00
    1.67122781e-02   1.81856286e-02   1.77275300e-01   7.32097268e-01
    2.15575767e+00   9.08775747e-01  -3.85680765e-01  -5.69513328e-02
   -5.73484182e-01   1.57191932e+00  -3.41128528e-01]
 [ -7.87433743e-01  -6.33362174e-01   6.96386337e-01   3.90665084e-01
   -9.17394936e-01   1.19956160e+00   1.29292798e+00   3.87658119e-01
   -8.71993065e-01  -1.91126895e+00  -1.68086720e+00  -1.10937619e+00
    2.22610608e-01  -7.67228067e-01   3.10046077e-01  -2.13937235e+00
   -1.90507248e-01   5.56760967e-01   1.40638363e+00  -1.75754035e+00
    2.49964666e+00   4.03250009e-01  -7.88404524e-01   5.95244527e-01
    1.82408951e-02  -1.44810593e+00   1.10270834e+00  -4.06362325e-01
    7.55264014e-02  -1.47471740e-03  -5.81405580e-01  -1.78037143e+00
   -1.00592923e+00  -5.38008571e-01   5.07547498e-01  -1.80644244e-01
   -6.41230866e-02  -2.83916324e-01   4.52006280e-01  -4.77639616e-01
    4.90348637e-01  -4.64507610e-01   7.44069934e-01  -3.26169044e-01
    1.09494424e+00  -1.20274201e-01   1.13857508e+00  -1.64605248e+00
    6.60128444e-02   2.98299581e-01  -6.00183725e-01   1.53782535e+00
   -1.37237817e-01   2.76752734e+00   1.96774733e+00   1.08954632e+00
   -1.20181048e+00  -3.74604374e-01   7.79955685e-01   1.50340706e-01
   -6.32450640e-01   6.22323275e-01   1.01029170e+00  -1.13716781e+00
    3.57132614e-01  -5.44540763e-01  -9.51953709e-01   1.86678901e-01
   -1.51024787e-02   9.68717411e-02  -1.74743032e+00  -6.96585953e-01
    1.73153374e-02  -8.71842921e-01  -1.54895675e+00  -2.81592786e-01
   -6.26825333e-01  -6.25975788e-01   6.55395806e-01   2.76696712e-01
    6.46761239e-01  -2.33256165e-02   8.05703700e-01   1.09766507e+00
   -6.07542634e-01   3.26937139e-01  -1.37561715e+00   2.19768238e+00
    1.67122781e-02   1.81856286e-02   1.77275300e-01   7.32097268e-01
    2.15575767e+00   9.08775747e-01  -3.85680765e-01  -5.69513328e-02
   -5.73484182e-01   1.57191932e+00  -3.41128528e-01]
 [ -7.87433743e-01  -6.33362174e-01   6.96386337e-01   3.90665084e-01
   -9.17394936e-01   1.19956160e+00   1.29292798e+00   3.87658119e-01
   -8.71993065e-01  -1.91126895e+00  -1.68086720e+00  -1.10937619e+00
    2.22610608e-01  -7.67228067e-01   3.10046077e-01  -2.13937235e+00
   -1.90507248e-01   5.56760967e-01   1.40638363e+00  -1.75754035e+00
    2.49964666e+00   4.03250009e-01  -7.88404524e-01   5.95244527e-01
    1.82408951e-02  -1.44810593e+00   1.10270834e+00  -4.06362325e-01
    7.55264014e-02  -1.47471740e-03  -5.81405580e-01  -1.78037143e+00
   -1.00592923e+00  -5.38008571e-01   5.07547498e-01  -1.80644244e-01
   -6.41230866e-02  -2.83916324e-01   4.52006280e-01  -4.77639616e-01
    4.90348637e-01  -4.64507610e-01   7.44069934e-01  -3.26169044e-01
    1.09494424e+00  -1.20274201e-01   1.13857508e+00  -1.64605248e+00
    6.60128444e-02   2.98299581e-01  -6.00183725e-01   1.53782535e+00
   -1.37237817e-01   2.76752734e+00   1.96774733e+00   1.08954632e+00
   -1.20181048e+00  -3.74604374e-01   7.79955685e-01   1.50340706e-01
   -6.32450640e-01   6.22323275e-01   1.01029170e+00  -1.13716781e+00
    3.57132614e-01  -5.44540763e-01  -9.51953709e-01   1.86678901e-01
   -1.51024787e-02   9.68717411e-02  -1.74743032e+00  -6.96585953e-01
    1.73153374e-02  -8.71842921e-01  -1.54895675e+00  -2.81592786e-01
   -6.26825333e-01  -6.25975788e-01   6.55395806e-01   2.76696712e-01
    6.46761239e-01  -2.33256165e-02   8.05703700e-01   1.09766507e+00
   -6.07542634e-01   3.26937139e-01  -1.37561715e+00   2.19768238e+00
    1.67122781e-02   1.81856286e-02   1.77275300e-01   7.32097268e-01
    2.15575767e+00   9.08775747e-01  -3.85680765e-01  -5.69513328e-02
   -5.73484182e-01   1.57191932e+00  -3.41128528e-01]
 [ -7.87433743e-01  -6.33362174e-01   6.96386337e-01   3.90665084e-01
   -9.17394936e-01   1.19956160e+00   1.29292798e+00   3.87658119e-01
   -8.71993065e-01  -1.91126895e+00  -1.68086720e+00  -1.10937619e+00
    2.22610608e-01  -7.67228067e-01   3.10046077e-01  -2.13937235e+00
   -1.90507248e-01   5.56760967e-01   1.40638363e+00  -1.75754035e+00
    2.49964666e+00   4.03250009e-01  -7.88404524e-01   5.95244527e-01
    1.82408951e-02  -1.44810593e+00   1.10270834e+00  -4.06362325e-01
    7.55264014e-02  -1.47471740e-03  -5.81405580e-01  -1.78037143e+00
   -1.00592923e+00  -5.38008571e-01   5.07547498e-01  -1.80644244e-01
   -6.41230866e-02  -2.83916324e-01   4.52006280e-01  -4.77639616e-01
    4.90348637e-01  -4.64507610e-01   7.44069934e-01  -3.26169044e-01
    1.09494424e+00  -1.20274201e-01   1.13857508e+00  -1.64605248e+00
    6.60128444e-02   2.98299581e-01  -6.00183725e-01   1.53782535e+00
   -1.37237817e-01   2.76752734e+00   1.96774733e+00   1.08954632e+00
   -1.20181048e+00  -3.74604374e-01   7.79955685e-01   1.50340706e-01
   -6.32450640e-01   6.22323275e-01   1.01029170e+00  -1.13716781e+00
    3.57132614e-01  -5.44540763e-01  -9.51953709e-01   1.86678901e-01
   -1.51024787e-02   9.68717411e-02  -1.74743032e+00  -6.96585953e-01
    1.73153374e-02  -8.71842921e-01  -1.54895675e+00  -2.81592786e-01
   -6.26825333e-01  -6.25975788e-01   6.55395806e-01   2.76696712e-01
    6.46761239e-01  -2.33256165e-02   8.05703700e-01   1.09766507e+00
   -6.07542634e-01   3.26937139e-01  -1.37561715e+00   2.19768238e+00
    1.67122781e-02   1.81856286e-02   1.77275300e-01   7.32097268e-01
    2.15575767e+00   9.08775747e-01  -3.85680765e-01  -5.69513328e-02
   -5.73484182e-01   1.57191932e+00  -3.41128528e-01]
 [ -7.87433743e-01  -6.33362174e-01   6.96386337e-01   3.90665084e-01
   -9.17394936e-01   1.19956160e+00   1.29292798e+00   3.87658119e-01
   -8.71993065e-01  -1.91126895e+00  -1.68086720e+00  -1.10937619e+00
    2.22610608e-01  -7.67228067e-01   3.10046077e-01  -2.13937235e+00
   -1.90507248e-01   5.56760967e-01   1.40638363e+00  -1.75754035e+00
    2.49964666e+00   4.03250009e-01  -7.88404524e-01   5.95244527e-01
    1.82408951e-02  -1.44810593e+00   1.10270834e+00  -4.06362325e-01
    7.55264014e-02  -1.47471740e-03  -5.81405580e-01  -1.78037143e+00
   -1.00592923e+00  -5.38008571e-01   5.07547498e-01  -1.80644244e-01
   -6.41230866e-02  -2.83916324e-01   4.52006280e-01  -4.77639616e-01
    4.90348637e-01  -4.64507610e-01   7.44069934e-01  -3.26169044e-01
    1.09494424e+00  -1.20274201e-01   1.13857508e+00  -1.64605248e+00
    6.60128444e-02   2.98299581e-01  -6.00183725e-01   1.53782535e+00
   -1.37237817e-01   2.76752734e+00   1.96774733e+00   1.08954632e+00
   -1.20181048e+00  -3.74604374e-01   7.79955685e-01   1.50340706e-01
   -6.32450640e-01   6.22323275e-01   1.01029170e+00  -1.13716781e+00
    3.57132614e-01  -5.44540763e-01  -9.51953709e-01   1.86678901e-01
   -1.51024787e-02   9.68717411e-02  -1.74743032e+00  -6.96585953e-01
    1.73153374e-02  -8.71842921e-01  -1.54895675e+00  -2.81592786e-01
   -6.26825333e-01  -6.25975788e-01   6.55395806e-01   2.76696712e-01
    6.46761239e-01  -2.33256165e-02   8.05703700e-01   1.09766507e+00
   -6.07542634e-01   3.26937139e-01  -1.37561715e+00   2.19768238e+00
    1.67122781e-02   1.81856286e-02   1.77275300e-01   7.32097268e-01
    2.15575767e+00   9.08775747e-01  -3.85680765e-01  -5.69513328e-02
   -5.73484182e-01   1.57191932e+00  -3.41128528e-01]
 [ -7.87433743e-01  -6.33362174e-01   6.96386337e-01   3.90665084e-01
   -9.17394936e-01   1.19956160e+00   1.29292798e+00   3.87658119e-01
   -8.71993065e-01  -1.91126895e+00  -1.68086720e+00  -1.10937619e+00
    2.22610608e-01  -7.67228067e-01   3.10046077e-01  -2.13937235e+00
   -1.90507248e-01   5.56760967e-01   1.40638363e+00  -1.75754035e+00
    2.49964666e+00   4.03250009e-01  -7.88404524e-01   5.95244527e-01
    1.82408951e-02  -1.44810593e+00   1.10270834e+00  -4.06362325e-01
    7.55264014e-02  -1.47471740e-03  -5.81405580e-01  -1.78037143e+00
   -1.00592923e+00  -5.38008571e-01   5.07547498e-01  -1.80644244e-01
   -6.41230866e-02  -2.83916324e-01   4.52006280e-01  -4.77639616e-01
    4.90348637e-01  -4.64507610e-01   7.44069934e-01  -3.26169044e-01
    1.09494424e+00  -1.20274201e-01   1.13857508e+00  -1.64605248e+00
    6.60128444e-02   2.98299581e-01  -6.00183725e-01   1.53782535e+00
   -1.37237817e-01   2.76752734e+00   1.96774733e+00   1.08954632e+00
   -1.20181048e+00  -3.74604374e-01   7.79955685e-01   1.50340706e-01
   -6.32450640e-01   6.22323275e-01   1.01029170e+00  -1.13716781e+00
    3.57132614e-01  -5.44540763e-01  -9.51953709e-01   1.86678901e-01
   -1.51024787e-02   9.68717411e-02  -1.74743032e+00  -6.96585953e-01
    1.73153374e-02  -8.71842921e-01  -1.54895675e+00  -2.81592786e-01
   -6.26825333e-01  -6.25975788e-01   6.55395806e-01   2.76696712e-01
    6.46761239e-01  -2.33256165e-02   8.05703700e-01   1.09766507e+00
   -6.07542634e-01   3.26937139e-01  -1.37561715e+00   2.19768238e+00
    1.67122781e-02   1.81856286e-02   1.77275300e-01   7.32097268e-01
    2.15575767e+00   9.08775747e-01  -3.85680765e-01  -5.69513328e-02
   -5.73484182e-01   1.57191932e+00  -3.41128528e-01]]
pos_obj_embed: [[ 1.98366749 -0.21995758  0.34785011 -1.04687595 -0.56732106 -0.18161069
   1.02968466  1.14540112  0.9058364  -1.36771333  1.60306656 -1.4513154
   0.42701328 -0.69877642 -2.04435802 -0.70530981 -1.34773731 -0.19076216
  -1.02584505  1.94593716 -0.61875004 -0.42551419 -1.36951554 -0.48809871
  -2.11933804  1.00693107 -2.67664623 -0.17276722 -0.65174586  1.45238376
   1.08625221 -0.60829848  1.04525709  0.21737026  0.7747466   0.39453661
   1.309443    0.14750774  0.91915423 -1.19549096 -0.73567349  0.41064283
   0.27028617  0.48619401  0.14479557  1.03489304 -1.7470839  -0.43253246
  -0.65356356  0.28689739 -0.27292889 -1.12669468  1.09512055  0.01675264
  -0.96445608 -1.44229603  0.40032646 -0.94996786 -1.04222465  0.20994309
  -0.1166247   2.21237636  0.62900209  0.2992709  -0.18843667  0.73396015
  -0.50641954 -0.49007326 -0.08673839  0.45554107 -1.96118128  1.32149982
   1.08626056  0.01802055 -0.57499796 -0.26827541 -0.35321403  1.21095443
  -1.22970128 -0.91452765  0.63339943  1.68704021  1.44079208  1.17575872
  -0.04290277  0.67987806  0.3211734   1.04695666  2.10410404 -0.46330199
  -0.13835868 -2.66558766  0.54478937 -0.89479035  1.46372938 -1.34822953
  -1.96526229  0.69217598 -0.84299523  1.11829877]
 [ 1.98366749 -0.21995758  0.34785011 -1.04687595 -0.56732106 -0.18161069
   1.02968466  1.14540112  0.9058364  -1.36771333  1.60306656 -1.4513154
   0.42701328 -0.69877642 -2.04435802 -0.70530981 -1.34773731 -0.19076216
  -1.02584505  1.94593716 -0.61875004 -0.42551419 -1.36951554 -0.48809871
  -2.11933804  1.00693107 -2.67664623 -0.17276722 -0.65174586  1.45238376
   1.08625221 -0.60829848  1.04525709  0.21737026  0.7747466   0.39453661
   1.309443    0.14750774  0.91915423 -1.19549096 -0.73567349  0.41064283
   0.27028617  0.48619401  0.14479557  1.03489304 -1.7470839  -0.43253246
  -0.65356356  0.28689739 -0.27292889 -1.12669468  1.09512055  0.01675264
  -0.96445608 -1.44229603  0.40032646 -0.94996786 -1.04222465  0.20994309
  -0.1166247   2.21237636  0.62900209  0.2992709  -0.18843667  0.73396015
  -0.50641954 -0.49007326 -0.08673839  0.45554107 -1.96118128  1.32149982
   1.08626056  0.01802055 -0.57499796 -0.26827541 -0.35321403  1.21095443
  -1.22970128 -0.91452765  0.63339943  1.68704021  1.44079208  1.17575872
  -0.04290277  0.67987806  0.3211734   1.04695666  2.10410404 -0.46330199
  -0.13835868 -2.66558766  0.54478937 -0.89479035  1.46372938 -1.34822953
  -1.96526229  0.69217598 -0.84299523  1.11829877]
 [ 1.98366749 -0.21995758  0.34785011 -1.04687595 -0.56732106 -0.18161069
   1.02968466  1.14540112  0.9058364  -1.36771333  1.60306656 -1.4513154
   0.42701328 -0.69877642 -2.04435802 -0.70530981 -1.34773731 -0.19076216
  -1.02584505  1.94593716 -0.61875004 -0.42551419 -1.36951554 -0.48809871
  -2.11933804  1.00693107 -2.67664623 -0.17276722 -0.65174586  1.45238376
   1.08625221 -0.60829848  1.04525709  0.21737026  0.7747466   0.39453661
   1.309443    0.14750774  0.91915423 -1.19549096 -0.73567349  0.41064283
   0.27028617  0.48619401  0.14479557  1.03489304 -1.7470839  -0.43253246
  -0.65356356  0.28689739 -0.27292889 -1.12669468  1.09512055  0.01675264
  -0.96445608 -1.44229603  0.40032646 -0.94996786 -1.04222465  0.20994309
  -0.1166247   2.21237636  0.62900209  0.2992709  -0.18843667  0.73396015
  -0.50641954 -0.49007326 -0.08673839  0.45554107 -1.96118128  1.32149982
   1.08626056  0.01802055 -0.57499796 -0.26827541 -0.35321403  1.21095443
  -1.22970128 -0.91452765  0.63339943  1.68704021  1.44079208  1.17575872
  -0.04290277  0.67987806  0.3211734   1.04695666  2.10410404 -0.46330199
  -0.13835868 -2.66558766  0.54478937 -0.89479035  1.46372938 -1.34822953
  -1.96526229  0.69217598 -0.84299523  1.11829877]
 [ 1.98366749 -0.21995758  0.34785011 -1.04687595 -0.56732106 -0.18161069
   1.02968466  1.14540112  0.9058364  -1.36771333  1.60306656 -1.4513154
   0.42701328 -0.69877642 -2.04435802 -0.70530981 -1.34773731 -0.19076216
  -1.02584505  1.94593716 -0.61875004 -0.42551419 -1.36951554 -0.48809871
  -2.11933804  1.00693107 -2.67664623 -0.17276722 -0.65174586  1.45238376
   1.08625221 -0.60829848  1.04525709  0.21737026  0.7747466   0.39453661
   1.309443    0.14750774  0.91915423 -1.19549096 -0.73567349  0.41064283
   0.27028617  0.48619401  0.14479557  1.03489304 -1.7470839  -0.43253246
  -0.65356356  0.28689739 -0.27292889 -1.12669468  1.09512055  0.01675264
  -0.96445608 -1.44229603  0.40032646 -0.94996786 -1.04222465  0.20994309
  -0.1166247   2.21237636  0.62900209  0.2992709  -0.18843667  0.73396015
  -0.50641954 -0.49007326 -0.08673839  0.45554107 -1.96118128  1.32149982
   1.08626056  0.01802055 -0.57499796 -0.26827541 -0.35321403  1.21095443
  -1.22970128 -0.91452765  0.63339943  1.68704021  1.44079208  1.17575872
  -0.04290277  0.67987806  0.3211734   1.04695666  2.10410404 -0.46330199
  -0.13835868 -2.66558766  0.54478937 -0.89479035  1.46372938 -1.34822953
  -1.96526229  0.69217598 -0.84299523  1.11829877]
 [ 1.98366749 -0.21995758  0.34785011 -1.04687595 -0.56732106 -0.18161069
   1.02968466  1.14540112  0.9058364  -1.36771333  1.60306656 -1.4513154
   0.42701328 -0.69877642 -2.04435802 -0.70530981 -1.34773731 -0.19076216
  -1.02584505  1.94593716 -0.61875004 -0.42551419 -1.36951554 -0.48809871
  -2.11933804  1.00693107 -2.67664623 -0.17276722 -0.65174586  1.45238376
   1.08625221 -0.60829848  1.04525709  0.21737026  0.7747466   0.39453661
   1.309443    0.14750774  0.91915423 -1.19549096 -0.73567349  0.41064283
   0.27028617  0.48619401  0.14479557  1.03489304 -1.7470839  -0.43253246
  -0.65356356  0.28689739 -0.27292889 -1.12669468  1.09512055  0.01675264
  -0.96445608 -1.44229603  0.40032646 -0.94996786 -1.04222465  0.20994309
  -0.1166247   2.21237636  0.62900209  0.2992709  -0.18843667  0.73396015
  -0.50641954 -0.49007326 -0.08673839  0.45554107 -1.96118128  1.32149982
   1.08626056  0.01802055 -0.57499796 -0.26827541 -0.35321403  1.21095443
  -1.22970128 -0.91452765  0.63339943  1.68704021  1.44079208  1.17575872
  -0.04290277  0.67987806  0.3211734   1.04695666  2.10410404 -0.46330199
  -0.13835868 -2.66558766  0.54478937 -0.89479035  1.46372938 -1.34822953
  -1.96526229  0.69217598 -0.84299523  1.11829877]
 [ 1.98366749 -0.21995758  0.34785011 -1.04687595 -0.56732106 -0.18161069
   1.02968466  1.14540112  0.9058364  -1.36771333  1.60306656 -1.4513154
   0.42701328 -0.69877642 -2.04435802 -0.70530981 -1.34773731 -0.19076216
  -1.02584505  1.94593716 -0.61875004 -0.42551419 -1.36951554 -0.48809871
  -2.11933804  1.00693107 -2.67664623 -0.17276722 -0.65174586  1.45238376
   1.08625221 -0.60829848  1.04525709  0.21737026  0.7747466   0.39453661
   1.309443    0.14750774  0.91915423 -1.19549096 -0.73567349  0.41064283
   0.27028617  0.48619401  0.14479557  1.03489304 -1.7470839  -0.43253246
  -0.65356356  0.28689739 -0.27292889 -1.12669468  1.09512055  0.01675264
  -0.96445608 -1.44229603  0.40032646 -0.94996786 -1.04222465  0.20994309
  -0.1166247   2.21237636  0.62900209  0.2992709  -0.18843667  0.73396015
  -0.50641954 -0.49007326 -0.08673839  0.45554107 -1.96118128  1.32149982
   1.08626056  0.01802055 -0.57499796 -0.26827541 -0.35321403  1.21095443
  -1.22970128 -0.91452765  0.63339943  1.68704021  1.44079208  1.17575872
  -0.04290277  0.67987806  0.3211734   1.04695666  2.10410404 -0.46330199
  -0.13835868 -2.66558766  0.54478937 -0.89479035  1.46372938 -1.34822953
  -1.96526229  0.69217598 -0.84299523  1.11829877]
 [ 1.98366749 -0.21995758  0.34785011 -1.04687595 -0.56732106 -0.18161069
   1.02968466  1.14540112  0.9058364  -1.36771333  1.60306656 -1.4513154
   0.42701328 -0.69877642 -2.04435802 -0.70530981 -1.34773731 -0.19076216
  -1.02584505  1.94593716 -0.61875004 -0.42551419 -1.36951554 -0.48809871
  -2.11933804  1.00693107 -2.67664623 -0.17276722 -0.65174586  1.45238376
   1.08625221 -0.60829848  1.04525709  0.21737026  0.7747466   0.39453661
   1.309443    0.14750774  0.91915423 -1.19549096 -0.73567349  0.41064283
   0.27028617  0.48619401  0.14479557  1.03489304 -1.7470839  -0.43253246
  -0.65356356  0.28689739 -0.27292889 -1.12669468  1.09512055  0.01675264
  -0.96445608 -1.44229603  0.40032646 -0.94996786 -1.04222465  0.20994309
  -0.1166247   2.21237636  0.62900209  0.2992709  -0.18843667  0.73396015
  -0.50641954 -0.49007326 -0.08673839  0.45554107 -1.96118128  1.32149982
   1.08626056  0.01802055 -0.57499796 -0.26827541 -0.35321403  1.21095443
  -1.22970128 -0.91452765  0.63339943  1.68704021  1.44079208  1.17575872
  -0.04290277  0.67987806  0.3211734   1.04695666  2.10410404 -0.46330199
  -0.13835868 -2.66558766  0.54478937 -0.89479035  1.46372938 -1.34822953
  -1.96526229  0.69217598 -0.84299523  1.11829877]
 [ 1.98366749 -0.21995758  0.34785011 -1.04687595 -0.56732106 -0.18161069
   1.02968466  1.14540112  0.9058364  -1.36771333  1.60306656 -1.4513154
   0.42701328 -0.69877642 -2.04435802 -0.70530981 -1.34773731 -0.19076216
  -1.02584505  1.94593716 -0.61875004 -0.42551419 -1.36951554 -0.48809871
  -2.11933804  1.00693107 -2.67664623 -0.17276722 -0.65174586  1.45238376
   1.08625221 -0.60829848  1.04525709  0.21737026  0.7747466   0.39453661
   1.309443    0.14750774  0.91915423 -1.19549096 -0.73567349  0.41064283
   0.27028617  0.48619401  0.14479557  1.03489304 -1.7470839  -0.43253246
  -0.65356356  0.28689739 -0.27292889 -1.12669468  1.09512055  0.01675264
  -0.96445608 -1.44229603  0.40032646 -0.94996786 -1.04222465  0.20994309
  -0.1166247   2.21237636  0.62900209  0.2992709  -0.18843667  0.73396015
  -0.50641954 -0.49007326 -0.08673839  0.45554107 -1.96118128  1.32149982
   1.08626056  0.01802055 -0.57499796 -0.26827541 -0.35321403  1.21095443
  -1.22970128 -0.91452765  0.63339943  1.68704021  1.44079208  1.17575872
  -0.04290277  0.67987806  0.3211734   1.04695666  2.10410404 -0.46330199
  -0.13835868 -2.66558766  0.54478937 -0.89479035  1.46372938 -1.34822953
  -1.96526229  0.69217598 -0.84299523  1.11829877]
 [ 1.98366749 -0.21995758  0.34785011 -1.04687595 -0.56732106 -0.18161069
   1.02968466  1.14540112  0.9058364  -1.36771333  1.60306656 -1.4513154
   0.42701328 -0.69877642 -2.04435802 -0.70530981 -1.34773731 -0.19076216
  -1.02584505  1.94593716 -0.61875004 -0.42551419 -1.36951554 -0.48809871
  -2.11933804  1.00693107 -2.67664623 -0.17276722 -0.65174586  1.45238376
   1.08625221 -0.60829848  1.04525709  0.21737026  0.7747466   0.39453661
   1.309443    0.14750774  0.91915423 -1.19549096 -0.73567349  0.41064283
   0.27028617  0.48619401  0.14479557  1.03489304 -1.7470839  -0.43253246
  -0.65356356  0.28689739 -0.27292889 -1.12669468  1.09512055  0.01675264
  -0.96445608 -1.44229603  0.40032646 -0.94996786 -1.04222465  0.20994309
  -0.1166247   2.21237636  0.62900209  0.2992709  -0.18843667  0.73396015
  -0.50641954 -0.49007326 -0.08673839  0.45554107 -1.96118128  1.32149982
   1.08626056  0.01802055 -0.57499796 -0.26827541 -0.35321403  1.21095443
  -1.22970128 -0.91452765  0.63339943  1.68704021  1.44079208  1.17575872
  -0.04290277  0.67987806  0.3211734   1.04695666  2.10410404 -0.46330199
  -0.13835868 -2.66558766  0.54478937 -0.89479035  1.46372938 -1.34822953
  -1.96526229  0.69217598 -0.84299523  1.11829877]
 [ 1.98366749 -0.21995758  0.34785011 -1.04687595 -0.56732106 -0.18161069
   1.02968466  1.14540112  0.9058364  -1.36771333  1.60306656 -1.4513154
   0.42701328 -0.69877642 -2.04435802 -0.70530981 -1.34773731 -0.19076216
  -1.02584505  1.94593716 -0.61875004 -0.42551419 -1.36951554 -0.48809871
  -2.11933804  1.00693107 -2.67664623 -0.17276722 -0.65174586  1.45238376
   1.08625221 -0.60829848  1.04525709  0.21737026  0.7747466   0.39453661
   1.309443    0.14750774  0.91915423 -1.19549096 -0.73567349  0.41064283
   0.27028617  0.48619401  0.14479557  1.03489304 -1.7470839  -0.43253246
  -0.65356356  0.28689739 -0.27292889 -1.12669468  1.09512055  0.01675264
  -0.96445608 -1.44229603  0.40032646 -0.94996786 -1.04222465  0.20994309
  -0.1166247   2.21237636  0.62900209  0.2992709  -0.18843667  0.73396015
  -0.50641954 -0.49007326 -0.08673839  0.45554107 -1.96118128  1.32149982
   1.08626056  0.01802055 -0.57499796 -0.26827541 -0.35321403  1.21095443
  -1.22970128 -0.91452765  0.63339943  1.68704021  1.44079208  1.17575872
  -0.04290277  0.67987806  0.3211734   1.04695666  2.10410404 -0.46330199
  -0.13835868 -2.66558766  0.54478937 -0.89479035  1.46372938 -1.34822953
  -1.96526229  0.69217598 -0.84299523  1.11829877]]
neg_obj_embed: [[  1.27591944e+00  -1.76086462e+00   9.37365532e-01  -6.10050201e-01
   -1.93366528e+00  -6.65511265e-02  -3.36625308e-01  -1.32539713e+00
   -1.75547910e+00  -5.90093732e-01  -6.08840644e-01   7.01087043e-02
    4.06112373e-01   1.93371212e+00  -2.69978017e-01  -9.19136778e-02
    3.23585778e-01   1.13239791e-02  -1.17733657e+00   2.49545410e-01
   -1.10976136e+00  -3.56649280e-01   1.06941092e+00  -1.14519000e+00
   -3.98357570e-01   9.66378689e-01  -3.50662678e-01   1.79598704e-01
   -5.54607928e-01  -7.96134531e-01   2.02373415e-01  -5.08427262e-01
    1.49376190e+00   6.47944212e-02  -4.75942314e-01   1.12913346e+00
   -1.05774045e+00   7.72688329e-01   1.56503510e+00  -9.08202410e-01
    8.73847455e-02  -2.42409396e+00   9.87544417e-01  -3.31385583e-01
    1.75644147e+00  -3.03265631e-01  -3.90683830e-01   2.36146998e+00
   -1.39655745e+00  -1.98712111e-01  -2.43139580e-01   1.96557796e+00
    9.33793843e-01  -1.57658339e+00  -4.94743697e-02  -1.14188632e-02
   -3.26679647e-01   1.07812083e+00   7.38774359e-01   3.41340780e-01
   -2.56853127e+00   2.66132736e+00  -8.90624762e-01   1.26645789e-01
   -2.91211486e-01  -8.25521886e-01   4.52134132e-01   4.20623899e-01
   -1.04257762e+00  -1.81642306e+00   5.34239352e-01   2.81202585e-01
   -8.74191880e-01  -3.46704155e-01   1.17707014e+00  -9.92976665e-01
    1.10047448e+00  -4.61197883e-01  -1.36168599e+00   1.41643643e+00
   -1.14824653e+00  -8.49365532e-01  -7.87184358e-01  -1.06814420e+00
    2.24156666e+00  -9.74323004e-02   1.66813680e-03   2.50213146e-01
   -1.50703024e-02   1.49929225e+00   4.70110625e-01  -1.32668167e-01
    1.15589690e+00   1.07540774e+00  -4.76695359e-01  -8.56667936e-01
    3.18549573e-01  -8.62060785e-01   9.12076056e-01   3.98582697e-01]
 [ -1.20837760e+00  -9.64504063e-01  -1.12685144e+00   8.81325245e-01
   -9.36079025e-01  -1.23665643e+00   3.98494869e-01  -2.65314388e+00
   -2.34104678e-01   2.47044280e-01   6.80816889e-01  -1.08719349e-01
   -1.04809415e+00   1.21096277e+00   5.17049849e-01  -5.53386509e-01
   -1.27258790e+00  -1.35459983e+00  -4.32653487e-01   1.07322252e+00
   -1.13718176e+00  -2.12145925e+00  -4.99095649e-01  -9.10249352e-02
    2.50292808e-01   3.19748187e+00  -7.74582773e-02  -4.92435396e-01
    1.07007945e+00   1.53466797e-04  -5.38503587e-01   2.57913083e-01
   -5.82527816e-01  -9.45951700e-01  -1.39570570e+00   5.45072198e-01
   -1.05246997e+00   2.04637337e+00  -1.99757302e+00   3.14529151e-01
   -7.80117869e-01   6.99323654e-01   9.03927907e-02  -4.82912213e-02
    3.46580476e-01   1.80787034e-02  -3.03427190e-01   1.37418234e+00
   -2.18132362e-01   4.90864813e-01   6.09867632e-01  -1.24221969e+00
    2.34420344e-01   1.13084161e+00   3.83875340e-01  -5.50840616e-01
    2.66857296e-01  -1.27474415e+00  -2.50474840e-01   2.80370325e-01
   -5.69317579e-01   1.12676704e+00  -1.06539130e+00   1.13314807e+00
   -6.45406246e-01   2.21018052e+00  -1.80091345e+00  -1.19687259e+00
   -3.56592596e-01  -1.66385007e+00   1.41654170e+00  -5.82356393e-01
    2.87866235e-01   8.23820233e-01  -9.06322598e-02  -5.35419285e-01
    1.54584467e+00   5.63408017e-01   1.68149769e-01  -1.70318708e-01
   -1.31392467e+00   3.26967269e-01   7.68471420e-01   5.66712260e-01
    7.75924504e-01  -1.67633426e+00  -2.59585977e-01   7.79174626e-01
   -8.09741542e-02   2.01831698e+00  -1.04045272e+00   1.30111441e-01
    6.30986452e-01  -1.34737182e+00  -4.07970026e-02  -1.52200794e+00
   -7.54651785e-01  -1.68176085e-01  -7.78489828e-01   2.80584872e-01]
 [ -2.76120007e-01   1.58293581e+00   1.42922997e+00  -4.89149243e-01
   -1.73378062e+00   2.39308119e+00   9.02527153e-01  -2.01297373e-01
    5.50334156e-01   1.63366449e+00   6.27298653e-01  -7.16830730e-01
   -5.62768161e-01   9.95648205e-02   4.07003611e-01  -7.48004258e-01
   -8.31656933e-01  -1.66936195e+00  -2.08218431e+00  -1.35311222e+00
    1.98745191e+00   2.30023801e-01   9.46249127e-01  -5.87584913e-01
   -2.93826282e-01   6.29517674e-01   2.99459398e-01  -5.37409961e-01
    2.13675404e+00  -5.45539200e-01  -8.86044085e-01   3.18308502e-01
    3.75649244e-01   4.84603554e-01  -2.30964676e-01   8.76799643e-01
    7.31350243e-01  -3.06813180e-01   1.04797685e+00  -6.38759077e-01
    7.71655738e-01   9.02289927e-01   5.30697405e-01  -1.52433145e+00
   -6.31150723e-01   3.93165320e-01   9.53971028e-01   3.33864540e-01
    9.11055863e-01  -8.91536593e-01   9.29575324e-01  -6.84132755e-01
   -1.49623621e+00  -1.98363924e+00  -1.05431426e+00   4.79364604e-01
   -2.86094093e+00   3.68983090e-01  -1.68654948e-01   6.63325846e-01
   -5.07057488e-01  -3.50123882e-01  -1.09892890e-01   1.35192823e+00
    1.36560321e+00  -7.13362455e-01  -1.46748513e-01  -6.67176604e-01
    1.09035718e+00  -1.20404685e+00   1.18804879e-01   7.78642476e-01
   -1.34361601e+00   9.75027382e-02   4.51200366e-01   6.25933230e-01
    5.75374186e-01   2.69955605e-01  -1.01159036e+00   8.18588138e-02
   -1.26211137e-01  -4.28180516e-01   1.52169561e+00  -1.33667219e+00
   -5.32258809e-01   1.10940886e+00  -1.23848438e-01   2.25998878e+00
    6.92195237e-01   2.85295308e-01  -9.63955149e-02  -1.29316962e+00
    7.58751392e-01  -1.08894229e+00   5.37879765e-01   7.78090179e-01
    8.40149522e-01   8.80038440e-01  -5.20365775e-01   1.66576469e+00]
 [ -2.71264887e+00  -2.03763413e+00   9.17803884e-01   6.86116219e-01
   -1.61672339e-01  -2.16784611e-01  -2.44414121e-01   1.15484107e+00
   -1.33373097e-01   7.12489188e-01   5.53678870e-01  -1.15364566e-01
   -4.27544177e-01  -5.10631800e-01  -1.07233799e+00   1.75198480e-01
   -5.81203938e-01   9.77703273e-01   9.75260317e-01   1.21467280e+00
   -2.21924257e+00  -2.91903704e-01   7.42542326e-01  -8.05418909e-01
    4.33324069e-01  -2.60626107e-01   1.70872256e-01   3.68430078e-01
   -4.67348307e-01   1.20307565e+00   4.33711499e-01   1.82693660e-01
    5.12405217e-01  -1.22089851e+00  -2.99627990e-01   3.13176155e-01
    1.92264672e-02   1.07390630e+00  -1.34278941e+00   1.50476921e+00
    1.19037485e+00   4.00848776e-01   8.09010267e-02   1.43117976e+00
   -1.31453431e+00  -1.58964562e+00  -1.08335197e+00  -1.71410814e-01
   -7.04600334e-01  -4.66260731e-01  -7.87510574e-01   3.62495929e-01
    7.38693357e-01   1.54279935e+00   4.43378597e-01   9.94006217e-01
    2.53200591e-01  -1.07894266e+00  -6.36024177e-01  -1.80748916e+00
    1.11391179e-01  -2.32812452e+00   4.82478272e-03   2.42375702e-01
   -4.86362129e-01   1.12698972e+00  -1.05171382e+00  -3.94382924e-01
   -1.82782006e+00   1.75452158e-02   1.49346542e+00   1.37919807e+00
   -2.17680484e-01  -6.42140687e-01   6.00000560e-01   4.41590995e-01
    3.01108718e-01   9.60386574e-01  -4.37710881e-01   1.54717374e+00
   -1.29385352e+00  -6.41436428e-02   2.33452582e+00  -2.71289170e-01
   -4.66357708e-01   5.45811832e-01   1.11110473e+00  -1.70460030e-01
   -1.14334774e+00  -7.27641881e-01  -1.15109456e+00  -1.15663576e+00
   -4.51628298e-01  -4.35060501e-01  -1.33320129e+00  -4.84144181e-01
    5.10447860e-01  -2.45121861e+00   1.73407054e+00   5.91040134e-01]
 [ -1.43287885e+00  -1.24826038e+00   1.60117829e+00  -2.90199935e-01
    3.44719365e-02   6.77151859e-01   5.26598632e-01   3.33729625e-01
   -6.32676780e-01   2.07896665e-01  -1.23957202e-01  -9.75490510e-01
   -6.59376740e-01  -3.78050089e-01   8.69565159e-02  -1.74699652e+00
    1.07485628e+00   1.35183263e+00  -3.42464387e-01   6.74067616e-01
    1.58308610e-01  -1.73348641e+00  -2.06147432e-01   1.63047290e+00
    1.10723682e-01  -1.53833747e-01   1.33357227e+00  -1.88001111e-01
    6.21966422e-01  -7.70441532e-01   1.33081639e+00  -7.17565775e-01
   -6.73242986e-01   1.23576671e-01   2.36152482e+00   1.76962829e+00
   -1.22522640e+00   5.85345030e-01  -3.70824069e-01  -6.86656356e-01
    1.43735543e-01  -5.32136619e-01  -1.04536152e+00   3.45958546e-02
    4.70554560e-01   2.52710968e-01  -8.42513740e-01  -1.51847959e-01
   -3.04708570e-01  -1.10309708e+00   4.34966564e-01  -6.73959792e-01
   -1.52586305e+00  -2.83781672e+00  -1.16763085e-01   3.03614855e-01
    6.63357913e-01   1.04518735e+00  -2.37953261e-01   6.46950126e-01
   -3.29934508e-01  -1.66753352e-01   3.18661749e-01   1.39100060e-01
    8.84710401e-02  -5.43316483e-01   3.63025367e-01  -1.29168344e+00
    1.92073917e+00   4.56576407e-01  -7.82940388e-01   1.49821997e-01
    1.46323037e+00   7.39481449e-01  -4.94270623e-01  -8.11540365e-01
   -7.99846947e-01   7.65699625e-01   1.16454437e-01   2.44596171e+00
    3.32457721e-01   8.95481706e-01   2.05113143e-01   1.48491430e+00
   -7.66559899e-01  -4.67059344e-01   1.38722217e+00  -5.51815271e-01
    9.90675628e-01  -1.94873646e-01   9.52862799e-01   3.12751979e-01
    9.34366360e-02  -1.11224842e+00   2.11607978e-01   1.76168442e-01
   -1.31729078e+00   2.04531133e-01   2.15792418e+00   7.91347325e-02]
 [  4.71433885e-02  -3.16929907e-01  -1.19140995e+00   3.86572510e-01
   -1.07804012e+00   3.04163873e-01   1.14918523e-01   1.79681981e+00
   -3.12524915e-01   2.43615247e-02  -1.72186211e-01   5.17349660e-01
    3.75667602e-01  -4.02846158e-01  -5.25474072e-01   1.37249947e-01
   -3.85636508e-01   1.26289678e+00  -2.11607412e-01   3.59689623e-01
    6.99893892e-01   1.18198646e-02   2.68760800e-01  -8.09727132e-01
   -1.08773053e+00   6.93916917e-01   6.91252232e-01   8.27308416e-01
    1.82362807e+00   7.66027391e-01   3.33707035e-01   8.00322443e-02
    9.20102298e-01  -1.60056031e+00   9.39305484e-01  -2.48333037e-01
    1.13667631e+00  -9.56197977e-02  -1.08426940e+00   3.45488697e-01
   -1.78151572e+00   1.48952246e+00  -1.09357738e+00   1.21196002e-01
    1.44751000e+00   1.67769933e+00   1.28589797e+00   6.82518303e-01
    9.49675143e-02  -5.66873074e-01  -6.54422343e-02  -4.89817441e-01
    2.31915069e+00  -2.77422160e-01  -3.82424653e-01   8.30339253e-01
   -4.37507302e-01   1.44660994e-01  -6.91877306e-01   5.02336204e-01
   -1.50985539e-01  -7.28472769e-01   1.47482038e+00   4.40237492e-01
   -1.12144327e+00   1.14211822e+00  -9.31839943e-01   1.69230238e-01
   -9.85658407e-01   1.45812452e+00   1.02790761e+00  -6.37156725e-01
    4.64773446e-01   7.99313188e-01  -1.08282065e+00   1.10528156e-01
    3.94777834e-01   7.12188244e-01   1.55203962e+00  -8.58515561e-01
    4.96765077e-01   1.40618408e+00  -1.11784816e+00   4.19323862e-01
    1.31272078e-01   4.30661708e-01   5.73223174e-01   1.83570847e-01
    8.99491727e-01  -4.62967575e-01  -3.29467729e-02   1.17357858e-01
    2.00858355e+00  -3.77513766e-01   3.31342697e-01   8.55965197e-01
    7.04526365e-01   1.19125175e+00   7.37411320e-01  -2.02849078e+00]
 [  1.53492451e+00   1.08330274e+00  -7.45164096e-01  -1.04222029e-01
   -1.88097700e-01   7.16504574e-01  -1.62669078e-01   1.49139762e-01
   -7.39403605e-01   3.83799791e-01  -1.64294815e+00   4.97064084e-01
   -1.99141836e+00  -4.11812395e-01  -6.35394454e-01  -9.16026771e-01
    1.86779991e-01  -5.29640138e-01  -5.39999843e-01  -1.19945097e+00
   -1.59332061e+00   2.15505600e+00   2.02836871e-01   7.47136295e-01
   -3.45825046e-01   1.22501612e+00  -1.56137729e+00  -4.24119234e-01
   -1.06412783e-01   8.21042717e-01   2.11480007e-01   8.51996094e-02
   -2.01263452e+00   4.23685670e-01   2.67145902e-01   4.28106487e-02
   -1.08293211e+00   1.65893483e+00  -8.73676002e-01  -6.79442942e-01
    1.46553719e+00   4.41903800e-01  -7.33536124e-01  -6.17799401e-01
   -2.54504156e+00   2.32145801e-01  -7.07966685e-01  -1.44541728e+00
   -2.40357921e-01  -1.23316117e-01  -2.73613632e-01  -1.15674376e+00
    9.78114963e-01  -2.59927474e-02   2.66636670e-01   1.13823092e+00
   -4.15614061e-03   2.24882627e+00   2.85503328e-01  -8.11024189e-01
   -7.45908439e-01   4.11779545e-02  -2.13070178e+00   8.56897354e-01
    2.30765805e-01   1.31345201e+00  -2.48782590e-01   5.67936718e-01
    7.30726480e-01   5.88886857e-01   1.02502811e+00  -2.28762731e-01
    3.62811327e-01   1.13759017e+00   1.23752102e-01   4.19368833e-01
    1.06335664e+00   1.17004049e+00  -2.52607250e+00  -1.14074457e+00
    1.12969488e-01  -7.64193177e-01  -2.16817245e-01  -3.26212376e-01
    1.16076422e+00   4.10538286e-01   2.54617500e+00   8.20950985e-01
    8.42431486e-01  -1.31587708e+00  -8.16613317e-01   6.66025579e-01
   -3.61829340e-01   6.79181814e-01   8.57240081e-01   1.65412056e+00
   -2.38432154e-01   3.38398218e-02   4.32249248e-01   8.46162498e-01]
 [ -1.71465731e+00  -1.93654215e+00  -1.15435994e+00  -3.29670727e-01
    2.01593757e+00  -4.52219039e-01   1.23076987e+00  -3.94009829e-01
   -9.81217682e-01   7.99831450e-01   5.27351022e-01   6.78208232e-01
   -4.89729196e-01  -1.05062199e+00  -2.52092779e-02  -1.28660774e+00
    1.68668425e+00   3.53200734e-01   1.29205799e+00   1.53027546e+00
    1.94057435e-01  -9.64775920e-01  -4.46622133e-01  -9.36253071e-01
   -1.00157702e+00  -1.84182441e+00   2.15139106e-01  -1.16515720e+00
    4.31670547e-01   1.55316317e+00  -9.73890126e-01  -1.80707014e+00
   -1.02612722e+00   1.35970369e-01   6.78024650e-01   6.41120553e-01
    4.73548353e-01   1.00237763e+00   2.47551531e-01   3.95792007e-01
   -1.34647894e+00   1.08204710e+00   4.17581677e-01  -2.36048031e+00
    1.96185574e-01  -2.63124108e+00   9.88799557e-02  -8.17955077e-01
    2.59516925e-01  -6.56780541e-01  -1.20109990e-01   4.31216240e-01
   -2.45994166e-01  -4.04102027e-01  -5.47418058e-01   1.57940179e-01
   -5.08077666e-02  -1.22831929e+00   9.83649790e-02   8.99021804e-01
   -3.29655677e-01   1.02372088e-01  -5.46116710e-01   1.35536408e+00
   -1.22365844e+00   1.62808314e-01  -1.17834008e+00   7.16609180e-01
    1.05138910e+00  -2.26599544e-01  -6.58490479e-01  -1.96699822e+00
    2.00218320e+00  -4.87595856e-01   1.87907767e+00   1.01759398e+00
   -6.02385737e-02  -1.80866778e-01  -3.36814344e-01   1.31644762e+00
   -2.36037552e-01  -1.21974304e-01   3.03984016e-01  -9.88048792e-01
   -1.55345774e+00   1.05568051e+00   5.27112722e-01  -7.68784106e-01
   -1.01476264e+00  -1.04651952e+00   4.55379754e-01  -6.72070920e-01
   -1.53952336e+00   9.83448550e-02  -7.66496181e-01  -1.18967223e+00
    1.30329061e+00  -7.43183196e-01  -3.06844890e-01  -4.20487732e-01]
 [  3.84022236e-01   1.85311556e+00   4.90479439e-01   1.52650547e+00
    1.31282270e+00  -1.47919071e+00  -3.14388841e-01   1.26124173e-01
   -1.51168478e+00  -1.00292015e+00  -1.78589240e-01  -1.94450998e+00
    1.49043834e+00   9.02928591e-01  -8.75307202e-01  -5.51516235e-01
    1.07921088e+00  -1.12769353e+00   2.11504579e+00   7.58720458e-01
   -7.34541118e-01   6.24201357e-01  -8.85358453e-01  -1.14037290e-01
    7.13237524e-01   2.77883053e-01   1.08219194e+00  -9.92524266e-01
    3.31024200e-01   8.78669322e-01  -5.09756543e-02   1.28656101e+00
    6.53803527e-01  -1.54630113e+00  -1.14495672e-01  -8.91588390e-01
   -5.92505813e-01  -3.60263407e-01   1.20272553e+00   1.75512120e-01
    7.10723281e-01   1.35541245e-01   7.57418573e-01   3.26246053e-01
    1.39700890e+00   1.39141703e+00   1.09196591e+00  -1.24808657e+00
    1.41201460e+00  -1.01137376e+00   7.16226280e-01  -2.28416038e+00
    6.22342825e-01   7.65050113e-01  -5.57429850e-01   1.61984250e-01
    2.29216397e-01  -1.02046967e+00  -1.06433678e+00  -1.34602964e-01
   -1.23638105e+00  -2.99429715e-01   2.56506860e-01   1.58241796e+00
   -2.47618377e-01  -9.28172648e-01   1.00856721e+00   7.21010387e-01
    7.76837111e-01   9.43224013e-01  -5.94610870e-01   1.04284160e-01
   -7.36927509e-01   6.67568594e-02  -2.31223598e-01   8.37726414e-01
   -9.69111860e-01  -9.95464474e-02   8.95926535e-01  -3.63666475e-01
    7.09589005e-01  -3.50414664e-01  -1.88707900e+00  -1.32557869e-01
   -9.35761631e-01   8.44904721e-01   9.71378565e-01   9.06214714e-02
   -4.05520320e-01   6.47271156e-01   8.41643870e-01   1.42584252e+00
    8.27779807e-03  -3.02094910e-02  -1.44903719e+00  -6.07299149e-01
    1.67064261e+00   2.45519948e+00   1.10285413e+00   3.58378232e-01]
 [  5.84875822e-01   1.23119569e+00   8.21900249e-01  -7.99228370e-01
    4.12053227e-01  -1.76156610e-01  -7.31719732e-02  -5.65666378e-01
   -9.34652463e-02   8.57301056e-01  -8.62223268e-01   1.64810997e-02
    1.56511104e+00  -4.69120085e-01  -3.92300725e-01   8.16667020e-01
    7.63752908e-02  -1.00093111e-01   1.62375712e+00  -1.33654165e+00
   -1.35132253e-01  -4.78340685e-01  -1.59497499e+00  -8.68959308e-01
   -3.27228494e-02  -1.52743149e+00  -1.24598071e-01  -2.61949152e-01
    9.95351195e-01   3.17543358e-01  -3.82604450e-02  -6.81979805e-02
   -4.42275822e-01  -4.79296774e-01   5.15145771e-02  -9.74913299e-01
   -1.43318081e+00  -3.59019637e-01   4.54296201e-01  -8.05498004e-01
   -2.69420457e+00   5.01088560e-01  -4.63495869e-03  -3.92938435e-01
   -1.55260175e-01   4.49704796e-01   1.18759358e+00  -3.34590346e-01
   -1.15236089e-01   1.83660090e+00   7.28587687e-01  -1.13211107e+00
   -1.41819358e+00   2.16117549e+00  -1.75606620e+00   7.11274922e-01
   -6.91443980e-01   2.57056534e-01   1.04501152e+00  -1.92214715e+00
   -1.46614984e-01   1.36325085e+00   9.57710922e-01   2.06416345e+00
   -8.59024465e-01  -3.97195697e-01  -1.82857692e-01   2.72463888e-01
   -5.70920289e-01  -5.09593129e-01  -4.27653998e-01   1.47892535e-01
    2.69953787e-01  -5.46339273e-01   1.24073349e-01   1.77997780e+00
   -1.28488636e+00   1.07857990e+00   2.14735106e-01  -4.21022534e-01
   -1.40525684e-01  -1.03565478e+00  -1.50425136e-01  -2.00704694e+00
   -1.45995896e-02  -8.88831243e-02   1.40726769e+00  -3.42153788e-01
   -7.38353968e-01  -6.55451059e-01  -1.23511016e+00   1.24232090e+00
    1.32259175e-01   6.15724266e-01   1.18398511e+00  -6.18315697e-01
   -3.05315375e-01   3.26828957e-01   1.81195438e-01  -9.55609739e-01]]
